#M. Wang et al., Chinese Physics C41, 030003, 2017
#  iz  ia   BE (keV)  error (keV)  in
   1   2     2224.566     0.000 1   1
   1   3     8481.795     0.000 1   2
   1   4     6881.796   100.000 1   3
   1   5     6681.795    89.445 1   4
   1   6     5769.834   254.124 1   5
   2   3     7718.040     0.000 1   1
   2   4    28295.660     0.000 1   2
   2   5    27560.660    20.000 1   3
   2   6    29271.113     0.054 1   4
   2   7    28861.400     7.560 1   5
   2   8    31396.160     0.088 1   6
   2   9    30141.334    46.818 1   7
   2  10    29951.340    92.850 1   8
   3   4     4615.040   212.132 1   1
   3   5    26330.660    50.000 1   2
   3   6    31993.986     0.000 1   3
   3   7    39245.074     0.007 1   4
   3   8    41277.695     0.048 1   5
   3   9    45339.914     0.189 1   6
   3  10    45313.512    12.720 1   7
   3  11    45709.188     0.616 1   8
   3  12    45499.203    30.012 1   9
   3  13    45599.188    70.005 1  10
   4   6    26923.482     5.448 1   2
   4   7    37600.836     0.070 1   3
   4   8    56499.480     0.032 1   4
   4   9    58164.012     0.081 1   5
   4  10    64976.297     0.080 1   6
   4  11    65477.941     0.242 1   7
   4  12    68648.664     1.908 1   8
   4  13    68138.656    10.179 1   9
   4  14    69914.555   132.244 1  10
   4  15    68114.555   165.795 1  11
   4  16    68564.562   165.792 1  12
   5   7    24910.936    25.151 1   2
   5   8    37737.238     1.000 1   3
   5   9    56313.629     0.900 1   4
   5  10    64750.828     0.020 1   5
   5  11    76205.055     0.011 1   6
   5  12    79574.680     1.320 1   7
   5  13    84453.445     1.001 1   8
   5  14    85423.016    21.210 1   9
   5  15    88199.773    21.030 1  10
   5  16    88116.828    24.576 1  11
   5  17    89584.336   204.102 1  12
   5  18    89579.336   204.156 1  13
   5  19    89673.039   525.369 1  14
   6   8    24812.191    18.240 1   2
   6   9    39036.805     2.133 1   3
   6  10    60320.422     0.070 1   4
   6  11    73441.016     0.055 1   5
   6  12    92161.727     0.000 1   6
   6  13    97108.039     0.000 1   7
   6  14   105284.461     0.000 1   8
   6  15   106502.531     0.795 1   9
   6  16   110752.867     3.584 1  10
   6  17   111486.406    17.357 1  11
   6  18   115670.359    30.006 1  12
   6  19   116247.188    98.382 1  13
   6  20   119228.703   230.620 1  14
   6  22   119263.695   231.484 1  16
   7  10    36436.723   400.000 1   3
   7  11    59004.504    46.156 1   4
   7  12    74041.305     0.996 1   5
   7  13    94105.219     0.273 1   6
   7  14   104658.594     0.000 1   7
   7  15   115491.898     0.000 1   8
   7  16   117980.734     2.304 1   9
   7  17   123865.891    14.994 1  10
   7  18   126694.117    18.576 1  11
   7  19   132022.312    16.397 1  12
   7  20   134183.422    78.900 1  13
   7  21   138789.312   134.043 1  14
   7  22   140327.750   207.790 1  15
   7  23   143443.438   420.578 1  16
   8  12    58682.426    24.000 1   4
   8  13    75552.922     9.529 1   5
   8  14    98731.891     0.028 1   6
   8  15   111955.375     0.495 1   7
   8  16   127619.297     0.000 1   8
   8  17   131762.375     0.000 1   9
   8  18   139807.750     0.000 1  10
   8  19   143763.406     2.641 1  11
   8  20   151371.391     0.880 1  12
   8  21   155176.859    11.991 1  13
   8  22   162027.156    56.914 1  14
   8  23   164760.156   121.716 1  15
   8  24   168952.438   164.880 1  16
   8  25   168195.125   165.075 1  17
   8  26   168934.422   164.944 1  18
   9  14    73992.914    41.118 1   5
   9  15    97461.883    13.995 1   6
   9  16   111419.695     8.320 1   7
   9  17   128219.578     0.255 1   8
   9  18   137369.484     0.468 1   9
   9  19   147801.344     0.000 1  10
   9  20   154402.672     0.040 1  11
   9  21   162504.156     1.806 1  12
   9  22   167734.484    12.408 1  13
   9  23   175313.922    33.327 1  14
   9  24   179125.969    97.680 1  15
   9  25   183407.656    96.450 1  16
   9  26   184164.250   111.202 1  17
   9  27   185434.172   389.826 1  18
   9  28   185214.172   393.036 1  19
   9  29   186876.891   525.364 1  20
  10  15    73030.922    66.690 1   5
  10  16    97330.828    20.480 1   6
  10  17   112888.484     0.357 1   7
  10  18   132142.625     0.360 1   8
  10  19   143779.516     0.152 1   9
  10  20   160644.812     0.000 1  10
  10  21   167405.969     0.042 1  11
  10  22   177770.219     0.022 1  12
  10  23   182970.891     0.115 1  13
  10  24   191839.812     0.504 1  14
  10  25   195994.969    29.050 1  15
  10  26   201549.656    18.434 1  16
  10  27   203051.188    90.774 1  17
  10  28   206873.688   126.056 1  18
  10  29   207844.938   149.495 1  19
  10  30   211035.922   253.260 1  20
  10  31   211205.781   266.197 1  21
  11  17    93433.359  1001.351 1   6
  11  18   111639.906    93.888 1   7
  11  19   131819.812    10.526 1   8
  11  20   145969.922     1.120 1   9
  11  21   163076.484     0.105 1  10
  11  22   174144.672     0.176 1  11
  11  23   186564.344     0.000 1  12
  11  24   193523.703     0.024 1  13
  11  25   202534.922     1.200 1  14
  11  26   208109.234     3.510 1  15
  11  27   214837.531     3.726 1  16
  11  28   218379.391    10.248 1  17
  11  29   222782.375     7.337 1  18
  11  30   225059.031     4.740 1  19
  11  31   229358.984    13.981 1  20
  11  32   231036.188    37.248 1  21
  11  33   233967.547   449.922 1  22
  11  34   234138.859   599.420 1  23
  12  19   112138.477    50.008 1   7
  12  20   134560.500     1.860 1   8
  12  21   149205.641     0.756 1   9
  12  22   168580.750     0.308 1  10
  12  23   181725.656     0.161 1  11
  12  24   198257.016     0.024 1  12
  12  25   205587.547     0.050 1  13
  12  26   216680.625     0.026 1  14
  12  27   223124.000     0.054 1  15
  12  28   231627.562     1.988 1  16
  12  29   235282.859    11.397 1  17
  12  30   241635.172     3.450 1  18
  12  31   243944.828     3.069 1  19
  12  32   249722.875     3.264 1  20
  12  33   252003.016     2.904 1  21
  12  34   256713.266    28.866 1  22
  12  35   257468.156   269.675 1  23
  12  36   260799.078   690.228 1  24
  12  37   261039.094   698.930 1  25
  13  23   168721.719     0.345 1  10
  13  24   183589.969     0.240 1  11
  13  25   200528.406     0.075 1  12
  13  26   211893.891     0.078 1  13
  13  27   224951.922     0.054 1  14
  13  28   232677.016     0.084 1  15
  13  29   242105.453     0.348 1  16
  13  30   247833.844     2.880 1  17
  13  31   254991.016     2.232 1  18
  13  32   259211.016     7.168 1  19
  13  33   264680.344     6.996 1  20
  13  34   267254.562     3.060 1  21
  13  35   272549.344     7.350 1  22
  13  36   274446.531   149.508 1  23
  13  37   278658.656   180.227 1  24
  13  38   280329.688   374.452 1  25
  14  24   172013.562    19.464 1  10
  14  25   187002.750    10.000 1  11
  14  26   206042.406     0.104 1  12
  14  27   219357.203     0.108 1  13
  14  28   236536.844     0.000 1  14
  14  29   245010.406     0.000 1  15
  14  30   255619.625     0.030 1  16
  14  31   262207.031     0.031 1  17
  14  32   271406.969     0.288 1  18
  14  33   275914.938     0.693 1  19
  14  34   283428.781    14.110 1  20
  14  35   285934.719    35.840 1  21
  14  36   292050.688    71.784 1  22
  14  37   294257.406   113.812 1  23
  14  38   299927.500   104.804 1  24
  14  39   301508.188   135.525 1  25
  14  40   306470.156   345.120 1  26
  14  41   307851.500   554.689 1  27
  15  27   206912.828    26.352 1  12
  15  28   221409.406     1.148 1  13
  15  29   239285.859     0.348 1  14
  15  30   250605.172     0.060 1  15
  15  31   262916.188     0.000 1  16
  15  32   270851.844     0.032 1  17
  15  33   280955.594     1.089 1  18
  15  34   287238.281     0.816 1  19
  15  35   295618.719     1.855 1  20
  15  36   299083.250    13.104 1  21
  15  37   305899.531    37.962 1  22
  15  38   309596.406    72.580 1  23
  15  39   315820.812   112.632 1  24
  15  40   319231.844   153.600 1  25
  15  41   324168.594   120.171 1  26
  15  42   326250.375   314.370 1  27
  15  43   330651.594   554.700 1  28
  16  28   209406.125   159.992 1  12
  16  29   224707.078    49.996 1  13
  16  30   243681.219     0.210 1  14
  16  31   256735.797     0.217 1  15
  16  32   271780.125     0.000 1  16
  16  33   280421.781     0.000 1  17
  16  34   291838.938     0.034 1  18
  16  35   298824.750     0.035 1  19
  16  36   308714.000     0.180 1  20
  16  37   313017.594     0.185 1  21
  16  38   321053.719     7.182 1  22
  16  39   325426.469    49.998 1  23
  16  40   333173.000     4.000 1  24
  16  41   337415.031     4.100 1  25
  16  42   344115.500     2.814 1  26
  16  43   346744.562     4.988 1  27
  16  44   351824.656     5.236 1  28
  16  45   354681.312  1035.360 1  29
  17  29   207606.125   188.674 1  12
  17  31   243945.484     3.441 1  14
  17  32   258316.922     0.576 1  15
  17  33   274056.906     0.396 1  16
  17  34   285564.969     0.034 1  17
  17  35   298209.750     0.035 1  18
  17  36   306789.500     0.036 1  19
  17  37   317100.406     0.037 1  20
  17  38   323208.281     0.114 1  21
  17  39   331281.688     1.716 1  22
  17  40   337110.594    32.080 1  23
  17  41   344931.312    68.716 1  24
  17  42   350527.188    59.598 1  25
  17  43   357926.250    61.877 1  26
  17  44   362222.625   136.312 1  27
  17  45   368171.906   136.170 1  28
  17  46   371840.094   208.656 1  29
  18  30   207126.125   206.160 1  12
  18  32   246400.250     1.760 1  14
  18  33   261655.516     0.396 1  15
  18  34   278720.844     0.068 1  16
  18  35   291461.125     0.665 1  17
  18  36   306716.719     0.036 1  18
  18  37   315504.125     0.222 1  19
  18  38   327342.656     0.190 1  20
  18  39   333941.312     4.992 1  21
  18  40   343810.344     0.000 1  22
  18  41   349909.250     0.328 1  23
  18  42   359335.750     5.796 1  24
  18  43   364994.219     5.289 1  25
  18  44   373728.938     1.584 1  26
  18  45   378897.844     0.495 1  27
  18  46   386971.281     1.104 1  28
  18  47   390636.000     1.128 1  29
  18  48   395622.312   307.392 1  30
  19  35   278804.406     0.525 1  16
  19  36   293119.906     0.324 1  17
  19  37   308574.312     0.111 1  18
  19  38   320646.188     0.190 1  19
  19  39   333724.000     0.000 1  20
  19  40   341523.594     0.040 1  21
  19  41   351618.969     0.000 1  22
  19  42   359152.750     0.126 1  23
  19  43   368777.438     0.430 1  24
  19  44   376054.844     0.440 1  25
  19  45   384960.312     0.540 1  26
  19  46   391829.938     0.736 1  27
  19  47   400199.312     1.410 1  28
  19  48   404843.156     0.768 1  29
  19  49   410241.438     0.784 1  30
  19  50   414429.094     7.750 1  31
  19  51   419288.781    13.056 1  32
  19  52   421981.500    33.540 1  33
  19  53   425210.938   111.777 1  34
  20  36   281371.625    39.996 1  16
  20  37   296127.875     0.629 1  17
  20  38   313121.625     0.190 1  18
  20  39   326417.125     0.585 1  19
  20  40   342052.125     0.040 1  20
  20  41   350414.938     0.123 1  21
  20  42   361895.656     0.168 1  22
  20  43   369828.500     0.215 1  23
  20  44   380959.688     0.308 1  24
  20  45   388374.531     0.360 1  25
  20  46   398773.000     2.254 1  26
  20  47   406049.375     2.209 1  27
  20  48   416000.906     0.096 1  28
  20  49   421147.344     0.196 1  29
  20  50   427508.156     1.600 1  30
  20  51   432322.562     0.510 1  31
  20  52   438327.812     0.676 1  32
  20  53   441520.594    43.778 1  33
  20  54   445364.781    48.438 1  34
  21  39   312524.781    23.985 1  18
  21  40   326946.750     2.840 1  19
  21  41   343137.125     0.082 1  20
  21  42   354687.156     0.168 1  21
  21  43   366825.469     1.849 1  22
  21  44   376524.688     1.760 1  23
  21  45   387851.875     0.675 1  24
  21  46   396612.531     0.690 1  25
  21  47   407259.219     1.927 1  26
  21  48   415497.812     4.944 1  27
  21  49   425626.531     2.695 1  28
  21  50   431683.938    15.000 1  29
  21  51   438436.594    19.992 1  30
  21  52   443722.500    81.848 1  31
  21  53   450257.312    94.075 1  32
  21  54   453312.750   272.808 1  33
  21  55   457652.531   454.355 1  34
  21  56   460416.750   586.824 1  35
  21  57   464631.688  1304.103 1  36
  22  40   314491.438   160.000 1  18
  22  41   329409.906    27.962 1  19
  22  42   346888.375     0.294 1  20
  22  43   359176.062     7.224 1  21
  22  44   375474.875     0.704 1  22
  22  45   385007.469     0.855 1  23
  22  46   398196.750     0.184 1  24
  22  47   407077.656     0.094 1  25
  22  48   418704.281     0.096 1  26
  22  49   426846.719     0.098 1  27
  22  50   437785.875     0.100 1  28
  22  51   444158.406     0.510 1  29
  22  52   451966.688     7.072 1  30
  22  53   457399.219   100.064 1  31
  22  54   464261.469    82.458 1  32
  22  55   468378.938   161.590 1  33
  22  56   474102.188   121.240 1  34
  22  57   476769.094   256.443 1  35
  23  43   346989.031    42.828 1  20
  23  44   361260.375   181.632 1  21
  23  45   377101.312     0.855 1  22
  23  46   390361.969     0.184 1  23
  23  47   403364.562     0.188 1  24
  23  48   413906.906     0.960 1  25
  23  49   425462.500     0.833 1  26
  23  50   434795.906     0.400 1  27
  23  51   445847.031     0.408 1  28
  23  52   453158.250     0.416 1  29
  23  53   461636.875     3.127 1  30
  23  54   467750.312    15.012 1  31
  23  55   475073.094    95.095 1  32
  23  56   480154.719   176.904 1  33
  23  57   486484.594    80.484 1  34
  23  58   490544.188    89.378 1  35
  23  59   496045.719   161.896 1  36
  23  60   499527.000   220.140 1  37
  23  61   504862.812   894.260 1  38
  24  45   363947.750    35.415 1  21
  24  46   381975.875    11.454 1  22
  24  47   395138.188     6.016 1  23
  24  48   411468.875     7.344 1  24
  24  49   422051.250     2.254 1  25
  24  50   435051.625     0.450 1  26
  24  51   444312.250     0.408 1  27
  24  52   456351.438     0.364 1  28
  24  53   464290.500     0.371 1  29
  24  54   474009.562     0.378 1  30
  24  55   480255.812     0.385 1  31
  24  56   488502.438     0.616 1  32
  24  57   493813.438     1.083 1  33
  24  58   501351.875     1.508 1  34
  24  59   505517.125   216.353 1  35
  24  60   512172.312   193.620 1  36
  24  61   516049.281   101.321 1  37
  24  62   522540.312   148.118 1  38
  24  63   525724.188   358.092 1  39
  24  64   531267.688   439.680 1  40
  25  47   382359.625    31.678 1  22
  25  48   397160.875     6.960 1  23
  25  49   413556.500     2.254 1  24
  25  50   426634.812     0.450 1  25
  25  51   440322.406     0.510 1  26
  25  52   450857.125     1.820 1  27
  25  53   462911.250     0.477 1  28
  25  54   471850.094     1.080 1  29
  25  55   482076.250     0.330 1  30
  25  56   489346.656     0.336 1  31
  25  57   497992.625     1.482 1  32
  25  58   504405.281     2.726 1  33
  25  59   512174.344     2.301 1  34
  25  60   517688.250     2.340 1  35
  25  61   524533.812     2.318 1  36
  25  62   529386.938     6.572 1  37
  25  63   535821.312     3.717 1  38
  25  64   539994.688     3.520 1  39
  25  65   546044.250     3.705 1  40
  25  66   549898.688    11.154 1  41
  26  49   399904.250    24.206 1  23
  26  50   417701.312     8.400 1  24
  26  51   431498.688     8.976 1  25
  26  52   447697.875     5.096 1  26
  26  53   458386.344     1.643 1  27
  26  54   471764.625     0.378 1  28
  26  55   481062.719     0.330 1  29
  26  56   492259.812     0.280 1  30
  26  57   499905.906     0.285 1  31
  26  58   509950.500     0.348 1  32
  26  59   516531.531     0.354 1  33
  26  60   525351.062     3.420 1  34
  26  61   530929.812     2.623 1  35
  26  62   538958.688     2.790 1  36
  26  63   543787.562     4.284 1  37
  26  64   551192.812     4.992 1  38
  26  65   555512.500     5.135 1  39
  26  66   562433.750     4.092 1  40
  26  67   566047.375   270.278 1  41
  26  68   571995.500   365.228 1  42
  27  51   417855.938    48.450 1  24
  27  52   432946.062     8.372 1  25
  27  53   449315.875     1.696 1  26
  27  54   462737.719     0.378 1  27
  27  55   476829.000     0.440 1  28
  27  56   486910.812     0.504 1  29
  27  57   498287.250     0.513 1  30
  27  58   506860.188     1.160 1  31
  27  59   517314.062     0.413 1  32
  27  60   524805.938     0.420 1  33
  27  61   534125.062     0.854 1  34
  27  62   540722.562    18.600 1  35
  27  63   549221.062    18.585 1  36
  27  64   555233.250    20.032 1  37
  27  65   562697.438     2.080 1  38
  27  66   567992.125    13.992 1  39
  27  67   574976.688     6.432 1  40
  27  68   579656.875   189.516 1  41
  27  69   586076.688   140.484 1  42
  27  71   596310.125   465.050 1  44
  28  53   435504.938    25.175 1  25
  28  54   453223.750     4.644 1  26
  28  55   467352.625     0.715 1  27
  28  56   483995.625     0.448 1  28
  28  57   494243.156     0.570 1  29
  28  58   506459.406     0.348 1  30
  28  59   515458.688     0.354 1  31
  28  60   526846.438     0.360 1  32
  28  61   534666.562     0.366 1  33
  28  62   545262.250     0.434 1  34
  28  63   552100.062     0.441 1  35
  28  64   561757.500     0.448 1  36
  28  65   567855.625     0.520 1  37
  28  66   576807.500     1.386 1  38
  28  67   582615.250     2.881 1  39
  28  68   590407.688     2.992 1  40
  28  69   594993.812     3.726 1  41
  28  70   602300.375     2.170 1  42
  28  71   606564.125     2.272 1  43
  28  72   613455.188     2.232 1  44
  28  73   617408.625     2.409 1  45
  29  55   452869.781   155.540 1  26
  29  56   467948.688    14.896 1  27
  29  57   484685.906     0.513 1  28
  29  58   497116.062     0.580 1  29
  29  59   509878.000     0.531 1  30
  29  60   519936.094     1.620 1  31
  29  61   531646.312     0.976 1  32
  29  62   540521.000     0.620 1  33
  29  63   551384.688     0.441 1  34
  29  64   559300.812     0.448 1  35
  29  65   569211.250     0.650 1  36
  29  66   576277.125     0.660 1  37
  29  67   585409.688     0.871 1  38
  29  68   591728.500     1.564 1  39
  29  69   599969.062     1.380 1  40
  29  70   605280.562     1.050 1  41
  29  71   613086.625     1.491 1  42
  29  72   618229.812     1.368 1  43
  29  73   625505.562     1.971 1  44
  29  74   630595.562     6.142 1  45
  29  75   637132.000     2.325 1  46
  29  76   641708.062     6.688 1  47
  29  78   651372.125   503.022 1  49
  30  58   486964.781    49.996 1  28
  30  59   499952.875     0.767 1  29
  30  60   514983.000     0.540 1  30
  30  61   525228.812    15.921 1  31
  30  62   538119.250     0.620 1  32
  30  63   547235.938     1.575 1  33
  30  64   559097.938     0.640 1  34
  30  65   567077.188     0.650 1  35
  30  66   578135.688     0.726 1  36
  30  67   585188.188     0.737 1  37
  30  68   595386.250     0.816 1  38
  30  69   601868.250     0.828 1  39
  30  70   611086.562     1.890 1  40
  30  71   616921.938     2.627 1  41
  30  72   625809.938     2.160 1  42
  30  73   631329.188     1.898 1  43
  30  74   639563.812     2.516 1  44
  30  75   644437.250     1.950 1  45
  30  76   652252.750     1.444 1  46
  30  77   656810.250     2.002 1  47
  30  78   663575.562     1.950 1  48
  30  79   667596.000     2.212 1  49
  30  80   673883.625     2.560 1  50
  30  81   676505.938     5.022 1  51
  30  82   680691.625     3.034 1  52
  31  61   515232.281    38.003 1  30
  31  62   528155.750     0.620 1  31
  31  63   540787.312     1.323 1  32
  31  64   551144.375     1.408 1  33
  31  65   563040.438     0.845 1  34
  31  66   572177.875     1.122 1  35
  31  67   583404.625     1.206 1  36
  31  68   591682.812     1.428 1  37
  31  69   601995.938     1.173 1  38
  31  70   609649.625     1.190 1  39
  31  71   618949.875     0.781 1  40
  31  72   625470.375     0.792 1  41
  31  73   634652.750     1.679 1  42
  31  74   641074.375     2.960 1  43
  31  75   649560.562     2.400 1  44
  31  76   655464.000     1.976 1  45
  31  77   663231.000     2.387 1  46
  31  78   669015.875     1.872 1  47
  31  79   675929.000     1.896 1  48
  31  80   680676.312     2.880 1  49
  31  81   687151.938     3.240 1  50
  31  82   690526.000     2.460 1  51
  31  83   694923.750     2.573 1  52
  32  63   530379.125    37.233 1  31
  32  64   545844.688     3.712 1  32
  32  65   556078.750     2.145 1  33
  32  66   569278.812     2.376 1  34
  32  67   578401.438     4.690 1  35
  32  68   590793.250     1.904 1  36
  32  69   598986.438     1.311 1  37
  32  70   610519.000     0.840 1  38
  32  71   617934.938     0.852 1  39
  32  72   628685.625     0.072 1  40
  32  73   635468.562     0.073 1  41
  32  74   645664.812     0.000 1  42
  32  75   652170.688     0.075 1  43
  32  76   661597.938     0.000 1  44
  32  77   667669.188     0.077 1  45
  32  78   676389.750     3.510 1  46
  32  79   682125.562    37.209 1  47
  32  80   690205.625     2.080 1  48
  32  81   695033.312     2.025 1  49
  32  82   702228.000     2.214 1  50
  32  83   705860.625     2.407 1  51
  32  84   711104.062     3.192 1  52
  32  85   714150.250     3.740 1  53
  32  86   718498.062   437.826 1  54
  33  65   545755.250    84.760 1  32
  33  66   558914.625     5.676 1  33
  33  67   571548.062     0.469 1  34
  33  68   581926.688     1.836 1  35
  33  69   594215.688    32.016 1  36
  33  70   603516.625    49.980 1  37
  33  71   615139.125     4.189 1  38
  33  72   623547.188     4.104 1  39
  33  73   634341.500     3.869 1  40
  33  74   642320.062     1.702 1  41
  33  75   652565.562     0.900 1  42
  33  76   659894.062     0.912 1  43
  33  77   669590.250     1.694 1  44
  33  78   676562.250     9.750 1  45
  33  79   685452.688     5.293 1  46
  33  80   692102.438     3.360 1  47
  33  81   700492.500     2.673 1  48
  33  82   706135.938     3.690 1  49
  33  83   713771.250     2.822 1  50
  33  84   718026.812     3.192 1  51
  33  85   723433.688     3.060 1  52
  33  86   727278.000     3.440 1  53
  33  87   732005.000     2.958 1  54
  34  67   560758.812    67.067 1  33
  34  68   576439.188     0.476 1  34
  34  69   586755.812     1.518 1  35
  34  70   600322.312     1.610 1  36
  34  71   609610.250     2.769 1  37
  34  72   622403.250     1.944 1  38
  34  73   630833.688     7.446 1  39
  34  74   642890.875     0.000 1  40
  34  75   650918.500     0.075 1  41
  34  76   662072.250     0.000 1  42
  34  77   669491.188     0.077 1  43
  34  78   679988.812     0.156 1  44
  34  79   686951.750     0.237 1  45
  34  80   696865.062     0.960 1  46
  34  81   703565.938     0.972 1  47
  34  82   712842.125     0.492 1  48
  34  83   718660.062     3.071 1  49
  34  84   727338.625     1.932 1  50
  34  85   731875.812     2.635 1  51
  34  86   738036.688     2.494 1  52
  34  87   742030.875     2.262 1  53
  34  88   747560.375     3.344 1  54
  34  89   750739.875     3.738 1  55
  34  90   755618.875   329.760 1  56
  34  91   758470.188   433.160 1  57
  35  69   575798.250    42.021 1  34
  35  70   589035.688    14.910 1  35
  35  71   602183.812     5.396 1  36
  35  72   612814.438     1.008 1  37
  35  73   625471.500     7.300 1  38
  35  74   635183.500     5.846 1  39
  35  75   647073.688     4.275 1  40
  35  76   656327.000     9.348 1  41
  35  77   667344.062     2.849 1  42
  35  78   675632.812     3.588 1  43
  35  79   686319.875     1.027 1  44
  35  80   694212.250     1.040 1  45
  35  81   704371.625     0.972 1  46
  35  82   711964.500     0.984 1  47
  35  83   721550.875     3.818 1  48
  35  84   728391.625    25.704 1  49
  35  85   737255.312     3.060 1  50
  35  86   742383.438     3.096 1  51
  35  87   748714.188     3.132 1  52
  35  88   753609.750     3.168 1  53
  35  89   759239.375     3.293 1  54
  35  90   763036.688     3.330 1  55
  35  91   768215.000     3.549 1  56
  35  92   771411.812     6.716 1  57
  35  93   776140.562   430.776 1  58
  36  71   591226.250   128.794 1  35
  36  72   606911.000     7.992 1  36
  36  73   617593.375     6.570 1  37
  36  74   631444.812     1.998 1  38
  36  75   641507.938     8.100 1  39
  36  76   654269.312     4.028 1  40
  36  77   663496.375     1.925 1  41
  36  78   675576.562     0.312 1  42
  36  79   683911.875     3.476 1  43
  36  80   695434.250     0.720 1  44
  36  81   703308.438     1.053 1  45
  36  82   714275.312     0.000 1  46
  36  83   721745.438     0.000 1  47
  36  84   732265.500     0.000 1  48
  36  85   739377.750     2.040 1  49
  36  86   749234.500     0.000 1  50
  36  87   754749.625     0.261 1  51
  36  88   761802.688     2.640 1  52
  36  89   766718.562     2.136 1  53
  36  90   773213.312     1.890 1  54
  36  91   777299.312     2.275 1  55
  36  92   783166.000     2.668 1  56
  36  93   786604.062     2.511 1  57
  36  94   791887.125    12.126 1  58
  36  95   794769.562    18.620 1  59
  36  96   799761.625    20.448 1  60
  36  97   802176.812   130.368 1  61
  37  74   620246.688     3.034 1  37
  37  75   633620.625     1.200 1  38
  37  76   644952.312     0.912 1  39
  37  77   657375.062     1.309 1  40
  37  78   667551.250     3.276 1  41
  37  79   679490.188     2.133 1  42
  37  80   688934.000     1.840 1  43
  37  81   700286.500     4.941 1  44
  37  82   709089.000     3.034 1  45
  37  83   720043.062     2.324 1  46
  37  84   728802.812     2.184 1  47
  37  85   739282.500     0.000 1  48
  37  86   747933.500     0.172 1  49
  37  87   757855.562     0.000 1  50
  37  88   763938.125     0.176 1  51
  37  89   771112.875     5.429 1  52
  37  90   776836.062     6.480 1  53
  37  91   783288.000     7.826 1  54
  37  92   788386.812     6.164 1  55
  37  93   794305.562     7.812 1  56
  37  94   798319.812     2.068 1  57
  37  95   803719.750    20.235 1  58
  37  96   807254.062     3.360 1  59
  37  97   812490.000     1.940 1  60
  37  98   816411.375    16.072 1  61
  37  99   821234.688     4.059 1  62
  37 100   824432.000    19.600 1  63
  38  75   622238.312   219.975 1  37
  38  76   637938.562    34.428 1  38
  38  77   649565.688     7.931 1  39
  38  78   663007.438     7.488 1  40
  38  79   673381.812     8.374 1  41
  38  80   686287.625     3.440 1  42
  38  81   695575.625     3.159 1  43
  38  82   708128.875     5.986 1  44
  38  83   716987.812     6.806 1  45
  38  84   728911.000     1.260 1  46
  38  85   737436.000     2.805 1  47
  38  86   748927.250     0.000 1  48
  38  87   757355.562     0.000 1  49
  38  88   768468.312     0.000 1  50
  38  89   774827.062     0.089 1  51
  38  90   782637.438     2.160 1  52
  38  91   788412.625     5.460 1  53
  38  92   795699.375     3.404 1  54
  38  93   800989.188     7.533 1  55
  38  94   807820.375     1.692 1  56
  38  95   812165.562     5.795 1  57
  38  96   818041.375     8.448 1  58
  38  97   821770.062     3.395 1  59
  38  98   827683.000     3.234 1  60
  38  99   831852.625     4.752 1  61
  38 100   837223.438     7.200 1  62
  38 101   840798.750     8.484 1  63
  38 102   845704.438    67.116 1  64
  39  79   664940.375    79.158 1  40
  39  80   676342.000     6.240 1  41
  39  81   688978.062     5.427 1  42
  39  82   699400.562     5.494 1  43
  39  83   711613.500    18.592 1  44
  39  84   721373.562     4.284 1  45
  39  85   733392.625    18.955 1  46
  39  86   742904.812    14.104 1  47
  39  87   754711.375     1.131 1  48
  39  88   764063.438     1.496 1  49
  39  89   775544.000     1.602 1  50
  39  90   782401.000     1.620 1  51
  39  91   790329.688     1.820 1  52
  39  92   796866.188     9.108 1  53
  39  93   804348.188    10.509 1  54
  39  94   810543.750     6.392 1  55
  39  95   817472.375     6.745 1  56
  39  96   822670.875     6.048 1  57
  39  97   828527.688     6.693 1  58
  39  98   832772.312     7.938 1  59
  39  99   839198.750     6.633 1  60
  39 100   843947.562    11.200 1  61
  39 101   849752.438     7.070 1  62
  39 102   853936.000     4.080 1  63
  39 103   859291.688    11.227 1  64
  39 105   868247.062  1336.650 1  66
  40  81   679943.000    94.041 1  41
  40  82   694185.438    11.152 1  42
  40  83   704537.125     6.391 1  43
  40  84   718118.438     5.460 1  44
  40  85   727943.312     6.460 1  45
  40  86   740808.375     3.526 1  46
  40  87   750257.938     4.176 1  47
  40  88   762610.938     5.368 1  48
  40  89   771929.000     3.115 1  49
  40  90   783897.188     0.090 1  50
  40  91   791091.625     0.091 1  51
  40  92   799726.375     0.092 1  52
  40  93   806460.688     0.465 1  53
  40  94   814679.250     0.188 1  54
  40  95   821141.250     0.855 1  55
  40  96   828991.375     0.096 1  56
  40  97   834566.562     0.388 1  57
  40  98   840981.938     8.428 1  58
  40  99   845387.125    10.494 1  59
  40 100   852215.312     8.100 1  60
  40 101   857075.062     8.383 1  61
  40 102   863568.250     8.772 1  62
  40 103   867867.125     9.270 1  63
  40 104   873847.188     9.360 1  64
  40 105   877659.188    12.075 1  65
  40 106   882815.750   433.116 1  66
  40 107   886716.812  1122.430 1  67
  41  83   695399.188   150.894 1  42
  41  84   707133.188    13.020 1  43
  41  85   720265.438     4.080 1  44
  41  86   731191.062     5.504 1  45
  41  87   744002.875     6.786 1  46
  41  88   754373.312    58.784 1  47
  41  89   766896.250    23.674 1  48
  41  90   777003.812     3.330 1  49
  41  91   789051.688     2.912 1  50
  41  92   796938.250     1.748 1  51
  41  93   805769.062     1.488 1  52
  41  94   812996.750     1.504 1  53
  41  95   821485.125     0.475 1  54
  41  96   828373.000     0.192 1  55
  41  97   836447.312     4.268 1  56
  41  98   842437.500     4.998 1  57
  41  99   849319.562    11.979 1  58
  41 100   854852.938     8.000 1  59
  41 101   862018.312     3.737 1  60
  41 102   867502.625     2.550 1  61
  41 103   874298.125     3.914 1  62
  41 104   879159.750     2.704 1  63
  41 105   885327.688     3.990 1  64
  41 106   889686.750     4.134 1  65
  41 107   895278.500     8.025 1  66
  41 108   899171.812     8.208 1  67
  41 109   904387.188   258.439 1  68
  41 110   908078.562   838.310 1  69
  42  85   710713.125    15.810 1  43
  42  86   725385.000     3.698 1  44
  42  87   736230.875     2.871 1  45
  42  88   750103.938     3.784 1  46
  42  89   760503.625     3.916 1  47
  42  90   773732.562     3.420 1  48
  42  91   783840.125     6.279 1  49
  42  92   796511.188     0.184 1  50
  42  93   804581.062     0.186 1  51
  42  94   814259.312     0.188 1  52
  42  95   821628.375     0.095 1  53
  42  96   830782.750     0.096 1  54
  42  97   837603.875     0.194 1  55
  42  98   846246.438     0.196 1  56
  42  99   852171.875     0.198 1  57
  42 100   860466.188     0.300 1  58
  42 101   865864.438     0.303 1  59
  42 102   873981.938     8.262 1  60
  42 103   879447.812     9.270 1  61
  42 104   886908.375     8.944 1  62
  42 105   891966.875     9.030 1  63
  42 106   898835.562     9.116 1  64
  42 107   903324.000     9.202 1  65
  42 108   909599.625     9.180 1  66
  42 109   913580.938    11.227 1  67
  42 110   919528.875    24.200 1  68
  42 111   922997.438    12.543 1  69
  43  87   726253.750     4.176 1  44
  43  88   738316.312   149.072 1  45
  43  89   752101.188     3.827 1  46
  43  90   763502.375     0.990 1  47
  43  91   776835.625     2.366 1  48
  43  92   787845.938     3.128 1  49
  43  93   800597.688     1.023 1  50
  43  94   809221.188     4.042 1  51
  43  95   819155.562     5.035 1  52
  43  96   827027.125     5.184 1  53
  43  97   836501.312     4.074 1  54
  43  98   843780.375     3.332 1  55
  43  99   852747.438     0.891 1  56
  43 100   859511.812     1.400 1  57
  43 101   867906.688    24.038 1  58
  43 102   874206.312     9.180 1  59
  43 103   882308.562     9.785 1  60
  43 104   888279.562    24.856 1  61
  43 105   896137.500    35.280 1  62
  43 106   901694.875    12.296 1  63
  43 107   908740.000     8.667 1  64
  43 108   913984.188     8.748 1  65
  43 109   920415.375     9.701 1  66
  43 110   925238.438     9.460 1  67
  43 111   931299.875    10.545 1  68
  43 112   935605.562     5.488 1  69
  43 113   941229.438     3.390 1  70
  43 114   945089.500   433.200 1  71
  43 115   950880.625   789.475 1  72
  44  90   756879.062     3.690 1  46
  44  91   768306.438     2.184 1  47
  44  92   782439.125     2.760 1  48
  44  93   793425.938     2.046 1  49
  44  94   806864.125     3.102 1  50
  44  95   815809.625     9.500 1  51
  44  96   826503.562     0.192 1  52
  44  97   834615.062     2.716 1  53
  44  98   844790.750     6.468 1  54
  44  99   852262.500     0.297 1  55
  44 100   861935.938     0.300 1  56
  44 101   868737.875     0.404 1  57
  44 102   877957.500     0.408 1  58
  44 103   884189.625     0.412 1  59
  44 104   893089.562     2.496 1  60
  44 105   898999.562     2.520 1  61
  44 106   907459.688     5.406 1  62
  44 107   913070.188     8.667 1  63
  44 108   920940.250     8.640 1  64
  44 109   926088.688     8.938 1  65
  44 110   933494.188     8.910 1  66
  44 111   938278.250     9.657 1  67
  44 112   945195.125     9.632 1  68
  44 113   949503.812    36.838 1  69
  44 114   955928.750     3.534 1  70
  44 115   959967.875    88.550 1  71
  44 116   965918.375     3.712 1  72
  44 117   969410.688   433.134 1  73
  45  92   770354.625     4.416 1  47
  45  93   784438.750     2.604 1  48
  45  94   796405.812     3.384 1  49
  45  95   809910.188     3.895 1  50
  45  96   819328.625     9.984 1  51
  45  97   830309.688    35.502 1  52
  45  98   838958.688    11.858 1  53
  45  99   849436.125     6.732 1  54
  45 100   857517.188    18.100 1  55
  45 101   867409.812     5.858 1  56
  45 102   874852.125     6.426 1  57
  45 103   884171.812     2.266 1  58
  45 104   891170.750     2.288 1  59
  45 105   900133.938     2.520 1  60
  45 106   906716.625     5.406 1  61
  45 107   915289.000    12.091 1  62
  45 108   921528.375    14.040 1  63
  45 109   929567.438     4.033 1  64
  45 110   935467.938    17.820 1  65
  45 111   943015.000     6.882 1  66
  45 112   948513.438    44.128 1  67
  45 113   955620.812     7.119 1  68
  45 114   960635.125    71.592 1  69
  45 115   967225.688     7.360 1  70
  45 116   971803.375    73.776 1  71
  45 117   978035.875     8.892 1  72
  45 118   982097.312    24.190 1  73
  45 119   988103.812     9.282 1  74
  45 121   997673.938   619.399 1  76
  46  94   788818.062     4.324 1  48
  46  95   800753.125     3.040 1  49
  46  96   815041.875     4.224 1  50
  46  97   824735.688     4.850 1  51
  46  98   836322.125     4.704 1  52
  46  99   845255.062     4.950 1  53
  46 100   856356.625    17.600 1  54
  46 101   864647.312     4.545 1  55
  46 102   875189.562     0.510 1  56
  46 103   882814.938     0.927 1  57
  46 104   892824.125     1.352 1  58
  46 105   899918.312     1.155 1  59
  46 106   909479.188     1.060 1  60
  46 107   916015.625     1.177 1  61
  46 108   925238.500     1.080 1  62
  46 109   931392.125     1.090 1  63
  46 110   940187.812     0.660 1  64
  46 111   945914.125     0.777 1  65
  46 112   954321.062     6.496 1  66
  46 113   959662.000     6.893 1  67
  46 114   967633.125     6.954 1  68
  46 115   972639.875    13.570 1  69
  46 116   980116.500     7.076 1  70
  46 117   984780.688     7.254 1  71
  46 118   991816.188     2.478 1  72
  46 119   995906.688     8.211 1  73
  46 120  1002850.188     2.280 1  74
  46 121  1006823.875     3.388 1  75
  46 122  1013328.875    19.520 1  76
  46 123  1017213.875   789.414 1  77
  47  96   802587.875    90.048 1  49
  47  97   816973.312   110.095 1  50
  47  98   827285.188    32.928 1  51
  47  99   839002.688     6.237 1  52
  47 100   848499.438     5.000 1  53
  47 101   859767.125     4.848 1  54
  47 102   868750.750     8.160 1  55
  47 103   879378.062     4.120 1  56
  47 104   887763.125     4.264 1  57
  47 105   897788.875     4.515 1  58
  47 106   905731.688     2.968 1  59
  47 107   915267.312     2.354 1  60
  47 108   922538.750     2.376 1  61
  47 109   931722.750     1.308 1  62
  47 110   938531.938     1.320 1  63
  47 111   947361.375     1.443 1  64
  47 112   953801.000     2.464 1  65
  47 113   962315.375    16.611 1  66
  47 114   968290.750     4.560 1  67
  47 115   976413.812    18.285 1  68
  47 116   982045.250     3.248 1  69
  47 117   989755.875    13.572 1  70
  47 118   995198.875     2.478 1  71
  47 119  1002362.188    14.756 1  72
  47 120  1007439.250     4.440 1  73
  47 121  1014261.938    12.100 1  74
  47 122  1019036.438    38.186 1  75
  47 123  1025549.750    30.750 1  76
  47 124  1030273.250   251.472 1  77
  47 125  1036664.312   433.125 1  78
  48  98   821072.875    51.842 1  50
  48  99   831438.938     1.584 1  51
  48 100   843773.750     1.700 1  52
  48 101   853486.875     1.515 1  53
  48 102   865381.375     1.632 1  54
  48 103   874444.625     1.854 1  55
  48 104   885832.688     1.664 1  56
  48 105   894269.438     1.365 1  57
  48 106   905139.062     1.060 1  58
  48 107   913068.500     1.712 1  59
  48 108   923402.000     1.080 1  60
  48 109   930725.250     1.526 1  61
  48 110   940640.312     0.330 1  62
  48 111   947615.750     0.333 1  63
  48 112   957009.812     0.224 1  64
  48 113   963549.562     0.226 1  65
  48 114   972592.438     0.228 1  66
  48 115   978733.188     0.690 1  67
  48 116   987432.562     0.116 1  68
  48 117   993209.812     1.053 1  69
  48 118  1001564.438    19.942 1  70
  48 119  1006911.188    37.723 1  71
  48 120  1014962.812     3.720 1  72
  48 121  1020150.500     1.936 1  73
  48 122  1027760.375     2.318 1  74
  48 123  1032633.500     2.706 1  75
  48 124  1039992.375     2.976 1  76
  48 125  1044710.062     2.875 1  77
  48 126  1051690.125     2.520 1  78
  48 127  1056252.000    12.065 1  79
  48 128  1062817.750     7.296 1  80
  48 129  1066705.375    16.770 1  81
  48 130  1072836.125    22.360 1  82
  48 131  1075008.875   102.442 1  83
  49 100   833109.688   182.500 1  51
  49 102   855634.250     4.590 1  53
  49 103   867643.250     9.579 1  54
  49 104   877264.688     5.824 1  55
  49 105   888793.938    10.290 1  56
  49 106   897832.750    12.190 1  57
  49 107   908860.312    11.128 1  58
  49 108   917487.125     8.640 1  59
  49 109   927928.062     3.924 1  60
  49 110   935979.875    11.550 1  61
  49 111   945973.312     3.441 1  62
  49 112   953642.688     4.256 1  63
  49 113   963090.938     0.226 1  64
  49 114   970364.875     0.342 1  65
  49 115   979402.750     0.000 1  66
  49 116   986187.625     0.232 1  67
  49 117   994952.250     4.914 1  68
  49 118  1001308.688     7.788 1  69
  49 119  1009850.938     7.259 1  70
  49 120  1015951.375    39.960 1  71
  49 121  1024130.312    27.467 1  72
  49 122  1029938.438    50.020 1  73
  49 123  1037867.375    19.803 1  74
  49 124  1043378.500    30.628 1  75
  49 125  1051056.500    27.000 1  76
  49 126  1056424.000    26.964 1  77
  49 127  1063618.500    21.209 1  78
  49 128  1068939.500   153.472 1  79
  49 129  1075702.625     2.709 1  80
  49 130  1080819.500    38.090 1  81
  49 131  1087032.625     2.751 1  82
  49 132  1089490.375    60.060 1  83
  50 100   825297.375   301.500 1  50
  50 101   836391.250   299.970 1  51
  50 102   849091.812   100.062 1  52
  50 103   859200.938    70.658 1  53
  50 104   871926.750     5.720 1  54
  50 105   881708.875     3.990 1  55
  50 106   893796.062     5.088 1  56
  50 107   903025.875     5.350 1  57
  50 108   914654.938     5.400 1  58
  50 109   923286.438     7.957 1  59
  50 110   934569.562    13.750 1  60
  50 111   942737.438     5.328 1  61
  50 112   953525.250     0.336 1  62
  50 113   961269.562     1.582 1  63
  50 114   971572.562     0.000 1  64
  50 115   979118.000     0.000 1  65
  50 116   988681.500     0.116 1  66
  50 117   995624.500     0.468 1  67
  50 118  1004950.938     0.472 1  68
  50 119  1011434.438     0.714 1  69
  50 120  1020539.062     0.840 1  70
  50 121  1026709.312     0.968 1  71
  50 122  1035524.688     2.440 1  72
  50 123  1041470.938     2.460 1  73
  50 124  1049960.250     0.992 1  74
  50 125  1055693.750     1.000 1  75
  50 126  1063884.000    10.458 1  76
  50 127  1069410.750    10.033 1  77
  50 128  1077373.250    17.664 1  78
  50 129  1082673.625    17.286 1  79
  50 130  1090286.125     1.820 1  80
  50 131  1095489.625     3.668 1  81
  50 132  1102843.125     1.980 1  82
  50 133  1105241.750     1.862 1  83
  50 134  1108872.875     3.216 1  84
  50 135  1111142.625     3.105 1  85
  51 104   858690.938   122.408 1  53
  51 105   871604.188    21.840 1  54
  51 106   882133.250     7.420 1  55
  51 107   894384.562     4.173 1  56
  51 108   904247.938     5.508 1  57
  51 109   916124.875     5.232 1  58
  51 110   925394.875     5.940 1  59
  51 111   936853.312     8.880 1  60
  51 112   945686.750    17.808 1  61
  51 113   956576.125    17.176 1  62
  51 114   964727.000    21.888 1  63
  51 115   975305.250    15.985 1  64
  51 116   983195.250     5.104 1  65
  51 117   993084.000     8.424 1  66
  51 118  1000512.000     3.068 1  67
  51 119  1010061.312     7.735 1  68
  51 120  1017076.188     7.200 1  69
  51 121  1026330.062     2.541 1  70
  51 122  1033136.375     2.562 1  71
  51 123  1042096.375     1.476 1  72
  51 124  1048563.875     1.488 1  73
  51 125  1057271.250     2.625 1  74
  51 126  1063479.625    31.752 1  75
  51 127  1071857.125     5.080 1  76
  51 128  1077859.250    19.072 1  77
  51 129  1085929.375    21.285 1  78
  51 130  1091657.250    14.170 1  79
  51 131  1099424.250     2.096 1  80
  51 132  1105149.375     2.508 1  81
  51 133  1112508.875     3.192 1  82
  51 134  1115677.375     1.742 1  83
  51 135  1119418.500     2.700 1  84
  51 136  1122306.250     5.848 1  85
  51 137  1125931.125    52.197 1  86
  51 138  1128162.500  1064.256 1  87
  52 105   859617.750   299.985 1  53
  52 106   873097.250   100.488 1  54
  52 107   883488.250    70.834 1  55
  52 108   896801.812     5.400 1  56
  52 109   906807.000     4.360 1  57
  52 110   919392.688     6.600 1  58
  52 111   928821.688     6.438 1  59
  52 112   940873.062     8.400 1  60
  52 113   949723.812    27.911 1  61
  52 114   961336.750    27.930 1  62
  52 115   969582.312    27.945 1  63
  52 116   980859.625    27.956 1  64
  52 117   988757.500    13.455 1  65
  52 118   999430.062    18.526 1  66
  52 119  1006985.875     7.973 1  67
  52 120  1017244.125     3.120 1  68
  52 121  1024492.812    25.894 1  69
  52 122  1034333.062     1.464 1  70
  52 123  1041262.125     1.476 1  71
  52 124  1050686.625     1.488 1  72
  52 125  1057255.625     1.500 1  73
  52 126  1066369.250     1.512 1  74
  52 127  1072657.000     1.524 1  75
  52 128  1081440.250     0.896 1  76
  52 129  1087522.750     0.903 1  77
  52 130  1095942.125     0.000 1  78
  52 131  1101871.625     0.131 1  79
  52 132  1109920.125     3.432 1  80
  52 133  1115740.375     2.128 1  81
  52 134  1123408.125     2.680 1  82
  52 135  1126674.625     1.755 1  83
  52 136  1131442.250     2.312 1  84
  52 137  1134392.250     2.055 1  85
  52 138  1138855.750     3.726 1  86
  52 139  1141436.250     3.475 1  87
  52 140  1145878.625    62.440 1  88
  53 108   882887.438   132.300 1  55
  53 109   895981.688     6.758 1  56
  53 110   906844.750    50.600 1  57
  53 111   919405.625     4.773 1  58
  53 112   929586.438    10.192 1  59
  53 113   941714.000     8.023 1  60
  53 115   963074.938    28.865 1  62
  53 116   972300.688    96.628 1  63
  53 117   983315.875    26.208 1  64
  53 118   991922.188    19.706 1  65
  53 119  1002787.875    27.965 1  66
  53 120  1010846.625    15.360 1  67
  53 121  1021416.438     5.324 1  68
  53 122  1029316.875     5.246 1  69
  53 123  1039251.375     3.690 1  70
  53 124  1046744.688     2.356 1  71
  53 125  1056287.500     1.500 1  72
  53 126  1063433.000     3.780 1  73
  53 127  1072576.875     3.683 1  74
  53 128  1079403.000     3.584 1  75
  53 129  1088242.750     3.225 1  76
  53 130  1094743.000     3.120 1  77
  53 131  1103320.875     0.655 1  78
  53 132  1109653.000     4.092 1  79
  53 133  1117879.125     6.384 1  80
  53 134  1124135.500     4.824 1  81
  53 135  1131942.625     2.025 1  82
  53 136  1135780.000    14.144 1  83
  53 137  1140662.250     8.357 1  84
  53 138  1144357.375     5.934 1  85
  53 139  1148919.750     4.031 1  86
  53 140  1152126.125    12.040 1  87
  53 141  1156518.000    15.792 1  88
  53 142  1159432.750   374.454 1  89
  54 109   883696.375   300.077 1  55
  54 110   897520.750   100.980 1  56
  54 111   908065.062    86.691 1  57
  54 112   921767.250     8.288 1  58
  54 113   932015.750     6.893 1  59
  54 114   944969.375    11.172 1  60
  54 115   954611.500    12.075 1  61
  54 116   967072.750    12.992 1  62
  54 117   976282.750    10.413 1  63
  54 118   988247.812    10.384 1  64
  54 119   997034.500    10.353 1  65
  54 120  1008483.750    11.760 1  66
  54 121  1016863.688    10.285 1  67
  54 122  1027809.000    11.102 1  68
  54 123  1035774.000     9.594 1  69
  54 124  1046258.125     1.736 1  70
  54 125  1053861.250     1.875 1  71
  54 126  1063886.125     3.528 1  72
  54 127  1071132.125     4.064 1  73
  54 128  1080742.125     1.024 1  74
  54 129  1087649.250     0.000 1  75
  54 130  1096905.125     0.000 1  76
  54 131  1103509.500     0.000 1  77
  54 132  1112446.125     0.000 1  78
  54 133  1118882.125     2.394 1  79
  54 134  1127435.750     0.000 1  80
  54 135  1133794.250     3.780 1  81
  54 136  1141881.625     0.000 1  82
  54 137  1145907.250     0.137 1  83
  54 138  1151567.250     2.760 1  84
  54 139  1155311.000     2.085 1  85
  54 140  1160724.125     2.380 1  86
  54 141  1164006.375     2.820 1  87
  54 142  1169110.000     2.698 1  88
  54 143  1172154.500     4.719 1  89
  54 144  1176895.250     5.328 1  90
  54 145  1179587.625    11.165 1  91
  54 146  1184120.625    24.236 1  92
  55 112   907248.750    86.800 1  57
  55 113   920794.312     8.588 1  58
  55 114   931783.312    71.136 1  59
  55 117   967808.125    62.361 1  62
  55 118   977795.688    12.744 1  63
  55 119   989762.750    13.923 1  64
  55 120   999417.625     9.960 1  65
  55 121  1010702.625    14.278 1  66
  55 122  1019816.438    33.672 1  67
  55 123  1030786.625    12.054 1  68
  55 124  1039545.500     8.308 1  69
  55 125  1049973.500     7.750 1  70
  55 126  1058307.750    10.458 1  71
  55 127  1068268.375     5.588 1  72
  55 128  1076031.125     5.504 1  73
  55 129  1085670.000     4.515 1  74
  55 130  1093142.000     8.320 1  75
  55 131  1102372.250     4.978 1  76
  55 132  1109537.500     1.056 1  77
  55 133  1118527.000     0.000 1  78
  55 134  1125418.625     0.000 1  79
  55 135  1134180.375     0.945 1  80
  55 136  1141008.625     1.904 1  81
  55 137  1149287.000     0.411 1  82
  55 138  1153699.500     9.108 1  83
  55 139  1159585.000     3.197 1  84
  55 140  1164005.500     8.260 1  85
  55 141  1169504.250     9.165 1  86
  55 142  1173612.500     7.100 1  87
  55 143  1178844.750     7.579 1  88
  55 144  1182512.000    20.160 1  89
  55 145  1187366.250     9.135 1  90
  55 146  1190693.625     2.920 1  91
  55 147  1195374.625     8.379 1  92
  55 148  1198436.750    13.024 1  93
  56 114   922224.188   102.714 1  58
  56 117   957990.500   250.380 1  61
  56 119   981265.375   200.277 1  63
  56 120   993635.250   300.120 1  64
  56 121  1003562.750   141.933 1  65
  56 122  1015498.188    27.938 1  66
  56 123  1024615.562    12.054 1  67
  56 124  1036121.750    12.524 1  68
  56 125  1044772.188    11.000 1  69
  56 126  1055844.500    12.474 1  70
  56 127  1064063.750    11.303 1  71
  56 128  1074695.625     5.248 1  72
  56 129  1082451.625    10.578 1  73
  56 130  1092721.375     2.600 1  74
  56 131  1100214.875     2.620 1  75
  56 132  1110037.500     1.056 1  76
  56 133  1117227.375     0.931 1  77
  56 134  1126694.875     0.268 1  78
  56 135  1133667.000     0.270 1  79
  56 136  1142774.625     0.272 1  80
  56 137  1149680.375     0.274 1  81
  56 138  1158292.000     0.276 1  82
  56 139  1163015.250     0.278 1  83
  56 140  1169442.375     7.980 1  84
  56 141  1173977.000     5.358 1  85
  56 142  1180157.875     5.964 1  86
  56 143  1184324.125     6.721 1  87
  56 144  1190225.375     7.200 1  88
  56 145  1194045.750     8.410 1  89
  56 146  1199548.000    20.878 1  90
  56 147  1202936.375    19.698 1  91
  56 148  1208337.250    63.048 1  92
  56 149  1211935.125   437.762 1  93
  57 124  1026508.188    56.668 1  67
  57 125  1038080.312    26.000 1  68
  57 126  1047365.625    90.468 1  69
  57 127  1058359.625    26.035 1  70
  57 128  1067160.375    54.400 1  71
  57 129  1077930.625    21.414 1  72
  57 130  1086304.875    26.000 1  73
  57 131  1096518.125    27.903 1  74
  57 132  1104543.750    36.300 1  75
  57 133  1114385.875    27.930 1  76
  57 134  1122181.375    19.966 1  77
  57 135  1131677.375     9.450 1  78
  57 136  1139142.750    53.176 1  79
  57 137  1148317.375     1.644 1  80
  57 138  1155767.250     3.174 1  81
  57 139  1164545.500     1.946 1  82
  57 140  1169706.500     1.960 1  83
  57 141  1176393.625     4.230 1  84
  57 142  1181557.625     6.248 1  85
  57 143  1187776.125     7.293 1  86
  57 144  1192525.625    12.960 1  87
  57 145  1198582.625    12.325 1  88
  57 146  1202868.875    33.580 1  89
  57 147  1208568.250    10.731 1  90
  57 148  1212670.000    19.536 1  91
  57 149  1218252.500   200.256 1  92
  57 150  1222233.750   435.450 1  93
  57 151  1227485.500   435.484 1  94
  58 126  1042430.375    27.972 1  68
  58 127  1051660.500    28.829 1  69
  58 128  1063286.375    27.904 1  70
  58 129  1072111.375    27.993 1  71
  58 130  1083318.000    27.950 1  72
  58 131  1091675.000    32.750 1  73
  58 132  1102508.625    20.460 1  74
  58 133  1110527.250    16.359 1  75
  58 134  1121013.375    20.368 1  76
  58 135  1128867.875    10.260 1  77
  58 136  1138831.375     0.408 1  78
  58 137  1146313.000     0.411 1  79
  58 138  1156036.625     4.968 1  80
  58 139  1163484.875     7.228 1  81
  58 140  1172684.375     1.540 1  82
  58 141  1178112.500     1.551 1  83
  58 142  1185284.125     2.556 1  84
  58 143  1190428.875     2.574 1  85
  58 144  1197325.375     2.880 1  86
  58 145  1202031.875    33.930 1  87
  58 146  1208671.750    16.352 1  88
  58 147  1213121.500     8.526 1  89
  58 148  1219577.250    11.248 1  90
  58 149  1223920.000    10.281 1  91
  58 150  1230168.250    11.700 1  92
  58 151  1234617.750    17.667 1  93
  59 128  1053300.875    29.824 1  69
  59 129  1064815.000    29.799 1  70
  59 130  1074288.250    64.220 1  71
  59 131  1085484.625    47.029 1  72
  59 132  1094482.875    28.908 1  73
  59 133  1105264.250    12.502 1  74
  59 134  1113926.000    20.368 1  75
  59 135  1124405.250    11.880 1  76
  59 136  1132881.000    11.424 1  77
  59 137  1142813.750     8.083 1  78
  59 138  1150817.125    11.178 1  79
  59 139  1160573.500     7.784 1  80
  59 140  1168514.125     6.160 1  81
  59 141  1177912.875     1.692 1  82
  59 142  1183756.000     1.704 1  83
  59 143  1191108.125     1.859 1  84
  59 144  1196861.750     2.736 1  85
  59 145  1203808.375     7.105 1  86
  59 146  1208934.875    34.748 1  87
  59 147  1215769.250    15.876 1  88
  59 148  1220931.875    15.096 1  89
  59 149  1227507.125     9.834 1  90
  59 150  1232839.625     9.000 1  91
  59 151  1239390.000    11.627 1  92
  59 152  1244439.750    18.544 1  93
  59 153  1250321.500    11.934 1  94
  59 154  1254929.375   113.036 1  95
  59 155  1260311.000    17.205 1  96
  60 130  1068926.625    27.950 1  70
  60 131  1078169.750    27.510 1  71
  60 132  1089898.875    24.156 1  72
  60 133  1098876.750    46.550 1  73
  60 134  1110262.125    11.792 1  74
  60 135  1118900.750    19.170 1  75
  60 136  1129957.625    11.832 1  76
  60 137  1138414.250    11.782 1  77
  60 138  1148919.250    11.592 1  78
  60 139  1156986.125    27.661 1  79
  60 140  1167302.500     3.500 1  80
  60 141  1175307.625     3.243 1  81
  60 142  1185136.250     1.420 1  82
  60 143  1191259.875     1.430 1  83
  60 144  1199076.750     1.296 1  84
  60 145  1204832.000     1.450 1  85
  60 146  1212397.375     1.314 1  86
  60 147  1217689.625     1.323 1  87
  60 148  1225022.125     2.072 1  88
  60 149  1230060.875     2.086 1  89
  60 150  1237436.625     1.350 1  90
  60 151  1242771.125     1.359 1  91
  60 152  1250048.750    24.472 1  92
  60 153  1255301.000     2.754 1  93
  60 154  1261867.125    52.668 1  94
  60 155  1266397.125     9.145 1  95
  60 156  1272658.250   199.992 1  96
  60 157  1276717.500    24.963 1  97
  61 133  1091169.625    50.274 1  72
  61 134  1100572.125    57.754 1  73
  61 135  1111956.750    75.465 1  74
  61 136  1121145.875    69.088 1  75
  61 137  1132120.250    13.015 1  76
  61 138  1141059.125    27.738 1  77
  61 139  1151690.500    13.622 1  78
  61 140  1160475.000    24.220 1  79
  61 141  1170855.625    13.959 1  80
  61 142  1179546.000    23.572 1  81
  61 143  1189435.875     3.003 1  82
  61 144  1195962.625     3.024 1  83
  61 145  1203885.250     2.900 1  84
  61 146  1210143.500     4.380 1  85
  61 147  1217802.750     1.470 1  86
  61 148  1223697.375     5.772 1  87
  61 149  1230967.375     2.235 1  88
  61 150  1236571.375    20.100 1  89
  61 151  1244431.750     4.681 1  90
  61 152  1250371.250    25.840 1  91
  61 153  1257836.250     9.027 1  92
  61 154  1263771.625    46.354 1  93
  61 155  1270270.875     4.650 1  94
  61 156  1275566.000     3.588 1  95
  61 157  1281770.750     7.065 1  96
  61 158  1286634.125    13.430 1  97
  61 159  1292170.625    10.017 1  98
  62 135  1103979.500   154.575 1  73
  62 136  1116004.625    12.512 1  74
  62 137  1125291.375    42.333 1  75
  62 138  1136834.000    11.868 1  76
  62 139  1145787.875    10.842 1  77
  62 140  1156934.875    12.460 1  78
  62 141  1165484.125     8.601 1  79
  62 142  1176608.000     3.124 1  80
  62 143  1185210.000     2.860 1  81
  62 144  1195729.750     1.584 1  82
  62 145  1202486.875     1.595 1  83
  62 146  1210903.125     3.066 1  84
  62 147  1217244.500     1.323 1  85
  62 148  1225385.625     1.332 1  86
  62 149  1231256.375     1.341 1  87
  62 150  1239243.125     1.350 1  88
  62 151  1244839.625     1.208 1  89
  62 152  1253097.250     1.216 1  90
  62 153  1258965.750     1.224 1  91
  62 154  1266932.625     1.386 1  92
  62 155  1272739.500     1.550 1  93
  62 156  1279980.500     8.580 1  94
  62 157  1285368.875     4.396 1  95
  62 158  1292012.875     4.898 1  96
  62 159  1297041.750     5.883 1  97
  62 160  1303140.000     5.920 1  98
  62 161  1307648.625     6.762 1  99
  63 137  1116628.500     4.384 1  74
  63 138  1126303.625    27.876 1  75
  63 139  1138023.250    13.205 1  76
  63 140  1147682.500    51.520 1  77
  63 141  1158693.375    12.690 1  78
  63 142  1168152.625    30.104 1  79
  63 143  1179151.875    11.011 1  80
  63 144  1188600.875    10.800 1  81
  63 145  1199044.750     3.045 1  82
  63 146  1206242.000     5.986 1  83
  63 147  1214740.500     2.646 1  84
  63 148  1221566.375    10.064 1  85
  63 149  1229779.500     4.023 1  86
  63 150  1236201.875     6.300 1  87
  63 151  1244133.875     1.359 1  88
  63 152  1250440.625     1.368 1  89
  63 153  1258991.000     1.377 1  90
  63 154  1265433.000     1.386 1  91
  63 155  1273584.500     1.395 1  92
  63 156  1279920.250     3.588 1  93
  63 157  1287367.750     4.239 1  94
  63 158  1293235.500    10.270 1  95
  63 159  1300094.750     4.293 1  96
  63 160  1305603.375     9.440 1  97
  63 161  1311985.750    10.465 1  98
  63 162  1316969.000    35.154 1  99
  63 163  1322821.750    65.526 1 100
  64 140  1141696.500    28.000 1  76
  64 141  1151209.750    19.740 1  77
  64 142  1163016.375    27.974 1  78
  64 143  1172359.500   200.343 1  79
  64 144  1183958.875    27.936 1  80
  64 145  1193197.250    19.720 1  81
  64 146  1204427.875     4.088 1  82
  64 147  1211770.375     1.911 1  83
  64 148  1220754.000     1.628 1  84
  64 149  1227683.125     3.427 1  85
  64 150  1236391.375     6.150 1  86
  64 151  1242887.500     3.020 1  87
  64 152  1251477.000     1.216 1  88
  64 153  1257724.000     1.224 1  89
  64 154  1266618.625     1.232 1  90
  64 155  1273053.875     1.240 1  91
  64 156  1281590.250     1.248 1  92
  64 157  1287950.125     1.256 1  93
  64 158  1295887.500     1.264 1  94
  64 159  1301830.625     1.113 1  95
  64 160  1309282.250     1.280 1  96
  64 161  1314917.750     1.610 1  97
  64 162  1321763.750     4.050 1  98
  64 163  1326868.375     8.476 1  99
  65 140  1129614.000   800.520 1  75
  65 141  1141744.000   105.327 1  76
  65 142  1151834.000   700.628 1  77
  65 143  1163765.000    51.194 1  78
  65 144  1173785.375    27.936 1  79
  65 145  1185876.875   109.185 1  80
  65 146  1195323.375    44.822 1  81
  65 147  1206373.750     8.085 1  82
  65 148  1214239.500    12.432 1  83
  65 149  1223262.500     3.725 1  84
  65 150  1230950.625     7.350 1  85
  65 151  1239539.875     4.077 1  86
  65 152  1246704.625    39.976 1  87
  65 153  1255372.375     3.978 1  88
  65 154  1262286.625    45.276 1  89
  65 155  1271451.625     9.920 1  90
  65 156  1278363.625     3.744 1  91
  65 157  1287107.625     1.256 1  92
  65 158  1293886.125     1.422 1  93
  65 159  1302019.125     1.272 1  94
  65 160  1308394.375     1.280 1  95
  65 161  1316091.125     1.288 1  96
  65 162  1322376.750    36.450 1  97
  65 163  1329368.125     4.075 1  98
  65 164  1334921.500   100.040 1  99
  65 166  1346870.875    70.052 1 101
  66 143  1154732.375    13.013 1  77
  66 144  1167204.750     7.200 1  78
  66 145  1176948.750     6.525 1  79
  66 146  1189332.375     6.716 1  80
  66 147  1199044.750     8.820 1  81
  66 148  1210779.500     8.732 1  82
  66 149  1218687.250     9.238 1  83
  66 150  1228372.375     4.350 1  84
  66 151  1235886.375     3.322 1  85
  66 152  1245323.250     4.560 1  86
  66 153  1252419.625     3.978 1  87
  66 154  1261741.875     7.392 1  88
  66 155  1268574.875     9.610 1  89
  66 156  1278019.500     1.248 1  90
  66 157  1284986.375     5.181 1  91
  66 158  1294040.500     2.370 1  92
  66 159  1300871.750     1.590 1  93
  66 160  1309448.625     0.800 1  94
  66 161  1315902.875     0.805 1  95
  66 162  1324100.000     0.810 1  96
  66 163  1330371.000     0.815 1  97
  66 164  1338029.125     0.820 1  98
  66 165  1343745.000     0.825 1  99
  66 166  1350788.500     0.830 1 100
  66 167  1356205.750    60.287 1 101
  66 168  1362906.125   139.944 1 102
  66 169  1368015.000   300.651 1 103
  67 144  1154462.000     8.496 1  77
  67 145  1167043.875     7.395 1  78
  67 146  1177233.375     6.570 1  79
  67 147  1189823.500     4.998 1  80
  67 148  1200128.875    83.768 1  81
  67 149  1211855.500    11.920 1  82
  67 150  1220226.250    14.100 1  83
  67 151  1229974.375     8.305 1  84
  67 152  1238027.625    12.464 1  85
  67 153  1247506.500     5.049 1  86
  67 154  1255204.875     8.162 1  87
  67 155  1264676.500    17.515 1  88
  67 156  1272187.125    60.060 1  89
  67 157  1281612.375    23.393 1  90
  67 158  1289038.500    27.176 1  91
  67 159  1298251.750     3.021 1  92
  67 160  1305376.375    15.040 1  93
  67 161  1314262.125     2.254 1  94
  67 162  1321177.750     3.240 1  95
  67 163  1329585.750     0.815 1  96
  67 164  1336260.375     1.476 1  97
  67 165  1344249.000     0.990 1  98
  67 166  1350492.875     0.996 1  99
  67 167  1357773.250     5.177 1 100
  67 168  1363625.250    30.072 1 101
  67 169  1370432.500    20.111 1 102
  67 170  1375945.250    49.980 1 103
  67 171  1382297.000   600.039 1 104
  68 146  1169534.750     6.716 1  78
  68 147  1179891.875    38.220 1  79
  68 148  1192834.375    10.212 1  80
  68 149  1203168.250    28.012 1  81
  68 150  1215329.250    17.250 1  82
  68 151  1223835.625    16.459 1  83
  68 152  1234141.125     8.816 1  84
  68 153  1242180.500     9.333 1  85
  68 154  1252388.375     4.928 1  86
  68 155  1260063.750     6.045 1  87
  68 156  1270137.625    24.648 1  88
  68 157  1277410.875    26.533 1  89
  68 158  1287372.250    25.280 1  90
  68 159  1294700.875     3.657 1  91
  68 160  1304275.375    24.320 1  92
  68 161  1311484.125     8.855 1  93
  68 162  1320688.250     0.810 1  94
  68 163  1327592.875     4.564 1  95
  68 164  1336439.250     0.820 1  96
  68 165  1343089.500     0.990 1  97
  68 166  1351565.250     1.162 1  98
  68 167  1358001.625     1.169 1  99
  68 168  1365773.000     1.176 1 100
  68 169  1371776.250     1.183 1 101
  68 170  1379033.000     1.530 1 102
  68 171  1384714.625     1.539 1 103
  68 172  1391550.500     3.956 1 104
  69 147  1168476.125     6.909 1  78
  69 148  1179338.000    10.212 1  79
  69 151  1215559.625    19.479 1  82
  69 152  1224578.625    53.960 1  83
  69 153  1234903.000    11.934 1  84
  69 154  1243428.000    14.476 1  85
  69 155  1253698.125     9.920 1  86
  69 156  1261978.125    14.352 1  87
  69 157  1271924.250    27.946 1  88
  69 158  1279989.500    25.280 1  89
  69 159  1289927.875    27.984 1  90
  69 160  1297730.875    34.240 1  91
  69 161  1307398.875    28.014 1  92
  69 162  1315049.250    26.082 1  93
  69 163  1324371.625     5.542 1  94
  69 164  1331618.125    24.436 1  95
  69 165  1340715.125     1.650 1  96
  69 166  1347745.000    11.620 1  97
  69 167  1356471.750     1.336 1  98
  69 168  1363312.250     1.680 1  99
  69 169  1371346.000     0.845 1 100
  69 170  1377937.875     0.850 1 101
  69 171  1385423.750     1.026 1 102
  69 172  1391659.000     5.504 1 103
  69 173  1398612.125     4.325 1 104
  69 174  1404291.750    44.718 1 105
  69 175  1410809.125    50.050 1 106
  69 176  1415941.250    99.968 1 107
  70 151  1205547.000   300.490 1  81
  70 152  1218346.250   149.720 1  82
  70 154  1238150.625    17.248 1  84
  70 155  1246792.625    16.585 1  85
  70 156  1257626.875     9.360 1  86
  70 157  1265854.375    10.990 1  87
  70 158  1276514.125     8.058 1  88
  70 159  1284413.750    17.808 1  89
  70 160  1294809.125     7.200 1  90
  70 161  1302557.125    15.295 1  91
  70 162  1312615.500    15.390 1  92
  70 163  1320159.500    15.322 1  93
  70 164  1329949.125    15.416 1  94
  70 165  1337298.375    26.565 1  95
  70 166  1346670.250     7.138 1  96
  70 167  1353736.250     4.008 1  97
  70 168  1362798.875     1.176 1  98
  70 169  1369666.000     1.183 1  99
  70 170  1378123.500     0.000 1 100
  70 171  1384737.750     0.000 1 101
  70 172  1392757.875     0.000 1 102
  70 173  1399124.875     0.000 1 103
  70 174  1406589.375     0.000 1 104
  70 175  1412411.875     0.000 1 105
  70 176  1419279.000     0.000 1 106
  70 177  1424845.250     0.177 1 107
  70 178  1431625.625     9.968 1 108
  71 153  1217737.625   150.093 1  82
  71 155  1238052.625    19.220 1  84
  71 156  1247278.375    54.132 1  85
  71 157  1258090.750    12.089 1  86
  71 158  1266933.750    15.168 1  87
  71 159  1277501.375    37.683 1  88
  71 160  1286134.000    56.800 1  89
  71 161  1296497.750    28.014 1  90
  71 162  1304838.625    75.006 1  91
  71 163  1314869.500    27.873 1  92
  71 164  1322791.875    27.880 1  93
  71 165  1332663.000    26.565 1  94
  71 166  1340313.000    29.880 1  95
  71 167  1349864.500    31.730 1  96
  71 168  1357502.500    39.312 1  97
  71 169  1366590.625     3.211 1  98
  71 170  1373883.500    16.830 1  99
  71 171  1382477.000     1.881 1 100
  71 172  1389455.875     2.408 1 101
  71 173  1397672.125     1.557 1 102
  71 174  1404432.875     1.566 1 103
  71 175  1412099.500     1.225 1 104
  71 176  1418387.500     1.232 1 105
  71 177  1425460.375     1.239 1 106
  71 178  1431485.625     2.314 1 107
  71 179  1438278.125     5.191 1 108
  71 180  1443966.875    70.740 1 109
  71 181  1450159.125   125.795 1 110
  71 183  1461220.625    80.154 1 112
  72 156  1240613.375   149.760 1  84
  72 158  1261041.625    17.538 1  86
  72 159  1269863.000    16.854 1  87
  72 160  1281020.750     9.600 1  88
  72 161  1289467.875    22.540 1  89
  72 162  1300393.500     8.910 1  90
  72 163  1308559.500    24.776 1  91
  72 164  1319185.500    15.744 1  92
  72 165  1327073.875    27.885 1  93
  72 166  1337368.750    27.888 1  94
  72 167  1345048.750    27.889 1  95
  72 168  1355013.000    27.888 1  96
  72 169  1362440.500    27.885 1  97
  72 170  1372048.750    27.880 1  98
  72 171  1379297.625    28.899 1  99
  72 172  1388339.875    24.424 1 100
  72 173  1395420.750    28.026 1 101
  72 174  1403924.750     2.262 1 102
  72 175  1410633.250     2.275 1 103
  72 176  1418799.125     1.408 1 104
  72 177  1425174.750     1.416 1 105
  72 178  1432800.625     1.424 1 106
  72 179  1438899.750     1.432 1 107
  72 180  1446287.375     1.440 1 108
  72 181  1451982.375     1.448 1 109
  72 182  1458700.375     6.188 1 110
  72 183  1464004.875    30.012 1 111
  72 184  1470292.875    39.744 1 112
  72 185  1475184.500    64.195 1 113
  72 186  1481360.125    51.150 1 114
  73 157  1239678.750   150.092 1  84
  73 159  1260667.250    19.716 1  86
  73 160  1270123.250    54.240 1  87
  73 161  1281149.750    24.311 1  88
  73 162  1290222.250    52.164 1  89
  73 163  1301048.125    38.142 1  90
  73 164  1309867.500    27.880 1  91
  73 165  1320504.000    13.860 1  92
  73 166  1328825.250    27.888 1  93
  73 167  1339149.750    27.889 1  94
  73 168  1347264.000    27.888 1  95
  73 169  1357231.750    27.885 1  96
  73 170  1365150.250    27.880 1  97
  73 171  1374804.250    27.873 1  98
  73 172  1382485.250    27.864 1  99
  73 173  1391623.125    28.026 1 100
  73 174  1399038.625    28.014 1 101
  73 175  1407777.875    28.000 1 102
  73 176  1414805.875    30.800 1 103
  73 177  1423226.375     3.363 1 104
  73 179  1438011.750     1.432 1 106
  73 180  1444658.500     1.980 1 107
  73 181  1452235.375     1.448 1 108
  73 182  1458298.250     1.456 1 109
  73 183  1465232.500     1.464 1 110
  73 184  1470850.375    25.944 1 111
  73 185  1477476.625    14.245 1 112
  73 186  1482761.250    60.078 1 113
  73 187  1489120.625    55.913 1 114
  73 188  1493908.250    54.896 1 115
  74 160  1262843.500   149.760 1  86
  74 162  1283659.000    17.658 1  88
  74 163  1292639.125    52.812 1  89
  74 164  1304038.125     9.676 1  90
  74 165  1312734.625    24.915 1  91
  74 166  1323833.000     9.462 1  92
  74 167  1332114.375    18.203 1  93
  74 168  1342980.750    13.272 1  94
  74 169  1351076.750    15.379 1  95
  74 170  1361521.250    13.260 1  96
  74 171  1369387.750    27.873 1  97
  74 172  1379470.125    27.864 1  98
  74 173  1387171.625    28.026 1  99
  74 174  1396742.500    28.014 1 100
  74 175  1404219.625    28.000 1 101
  74 176  1413299.625    27.984 1 102
  74 177  1420431.250    27.966 1 103
  74 178  1429207.750    15.130 1 104
  74 179  1436167.250    14.499 1 105
  74 180  1444579.500     1.440 1 106
  74 181  1451248.625     1.448 1 107
  74 182  1459332.125     0.728 1 108
  74 183  1465522.875     0.732 1 109
  74 184  1472934.250     0.736 1 110
  74 185  1478687.875     0.740 1 111
  74 186  1485879.750     1.302 1 112
  74 187  1491346.750     1.122 1 113
  74 188  1498181.750     3.008 1 114
  74 189  1503202.875    40.068 1 115
  74 190  1510038.875    39.710 1 116
  74 191  1514904.125    41.829 1 117
  75 161  1261646.250   149.891 1  86
  75 163  1282951.000    18.582 1  88
  75 164  1292492.500    54.612 1  89
  75 165  1303751.125    23.595 1  90
  75 166  1313056.250    72.376 1  91
  75 168  1333100.125    30.744 1  93
  75 169  1343785.750    11.323 1  94
  75 170  1352361.000    23.120 1  95
  75 171  1362769.500    27.873 1  96
  75 172  1371127.500    39.044 1  97
  75 173  1381215.750    28.026 1  98
  75 174  1389406.375    28.014 1  99
  75 175  1399092.750    28.000 1 100
  75 176  1406938.750    27.984 1 101
  75 177  1416216.375    27.966 1 102
  75 178  1423672.000    27.946 1 103
  75 179  1432674.125    24.702 1 104
  75 180  1439998.375    21.420 1 105
  75 181  1448749.875    12.489 1 106
  75 182  1455749.750   101.920 1 107
  75 183  1464184.625     8.052 1 108
  75 184  1470666.000     4.232 1 109
  75 185  1478336.625     0.740 1 110
  75 186  1484516.000     0.744 1 111
  75 187  1491876.875     0.748 1 112
  75 188  1497748.500     0.752 1 113
  75 189  1504781.875     8.127 1 114
  75 190  1510510.125    70.870 1 115
  75 191  1517295.750    10.314 1 116
  75 192  1522605.625    70.848 1 117
  75 193  1529319.875    39.179 1 118
  76 164  1284659.750   149.896 1  88
  76 166  1305811.750    17.928 1  90
  76 167  1314953.625    72.645 1  91
  76 168  1326518.125     9.912 1  92
  76 169  1335317.000    25.181 1  93
  76 170  1346591.750     9.690 1  94
  76 171  1355038.875    17.784 1  95
  76 172  1366052.000    12.728 1  96
  76 173  1374317.750    14.878 1  97
  76 174  1384946.250    10.266 1  98
  76 175  1393127.625    11.725 1  99
  76 176  1403191.500    27.984 1 100
  76 177  1411121.125    14.691 1 101
  76 178  1420780.375    13.706 1 102
  76 179  1428326.875    16.468 1 103
  76 180  1437736.500    16.380 1 104
  76 181  1445000.125    25.340 1 105
  76 182  1454130.500    21.658 1 106
  76 183  1461256.750    49.776 1 107
  76 184  1469916.500     0.920 1 108
  76 185  1476541.250     0.740 1 109
  76 186  1484806.625     0.744 1 110
  76 187  1491096.875     0.748 1 111
  76 188  1499086.375     0.752 1 112
  76 189  1505007.375     0.756 1 113
  76 190  1512799.750     0.570 1 114
  76 191  1518558.500     0.573 1 115
  76 192  1526116.750     2.304 1 116
  76 193  1531700.125     2.316 1 117
  76 194  1538812.250     2.328 1 118
  76 195  1543960.125    55.965 1 119
  76 196  1550796.875    39.984 1 120
  77 167  1304741.750    18.370 1  90
  77 168  1314406.875    55.272 1  91
  77 169  1325905.750    23.322 1  92
  77 171  1346366.625    38.475 1  94
  77 172  1355405.250    32.336 1  95
  77 173  1366365.625    11.072 1  96
  77 174  1375032.000    24.360 1  97
  77 175  1385634.250    12.425 1  98
  77 176  1394189.375    16.720 1  99
  77 177  1404429.875    19.824 1 100
  77 178  1412705.750    19.758 1 101
  77 179  1422606.750     9.845 1 102
  77 180  1430573.875    21.780 1 103
  77 181  1440130.625     5.249 1 104
  77 182  1447790.750    20.930 1 105
  77 183  1457013.625    24.339 1 106
  77 184  1464492.500    27.968 1 107
  77 185  1473288.625    27.935 1 108
  77 186  1480196.750    16.554 1 109
  77 187  1488644.875    27.863 1 110
  77 188  1495511.875     9.400 1 111
  77 189  1503687.750    12.663 1 112
  77 190  1510063.250     1.330 1 113
  77 191  1518089.500     1.337 1 114
  77 192  1524287.750     1.344 1 115
  77 193  1532059.625     1.351 1 116
  77 194  1538126.500     1.358 1 117
  77 195  1545358.375     1.365 1 118
  77 196  1551173.000    38.416 1 119
  77 197  1558072.750    20.094 1 120
  77 199  1570350.000    40.994 1 122
  78 168  1305965.625   150.024 1  90
  78 170  1327400.125    18.190 1  92
  78 171  1336641.875    72.675 1  93
  78 172  1348350.500    10.320 1  94
  78 173  1357257.625    56.052 1  95
  78 174  1368704.375    10.266 1  96
  78 175  1377170.875    18.200 1  97
  78 176  1388462.625    12.672 1  98
  78 177  1396970.500    15.045 1  99
  78 178  1407668.875    10.146 1 100
  78 179  1416010.750     8.055 1 101
  78 180  1426250.000    10.980 1 102
  78 181  1434266.750    13.756 1 103
  78 182  1444125.250    13.104 1 104
  78 183  1451800.500    15.555 1 105
  78 184  1461433.625    15.640 1 106
  78 185  1468858.750    25.900 1 107
  78 186  1478106.500    21.762 1 108
  78 187  1484998.375    24.123 1 109
  78 188  1494205.500     5.264 1 110
  78 189  1500925.125    10.017 1 111
  78 190  1509833.750     0.570 1 112
  78 191  1516296.875     4.202 1 113
  78 192  1524958.250     2.496 1 114
  78 193  1531220.750     1.351 1 115
  78 194  1539572.500     0.582 1 116
  78 195  1545677.625     0.585 1 117
  78 196  1553599.625     0.588 1 118
  78 197  1559446.375     0.591 1 119
  78 198  1567001.625     2.178 1 120
  78 199  1572557.625     2.189 1 121
  78 200  1579839.625    20.200 1 122
  78 201  1585052.375    50.049 1 123
  78 202  1592075.125    25.250 1 124
  79 171  1325952.125    20.691 1  92
  79 172  1335779.250    56.072 1  93
  79 173  1347365.000    22.836 1  94
  79 175  1368079.125    38.675 1  96
  79 176  1377267.375    33.264 1  97
  79 177  1388362.875    10.443 1  98
  79 178  1397192.875    10.146 1  99
  79 179  1407949.000    11.635 1 100
  79 180  1416657.250     4.860 1 101
  79 181  1426974.125    19.910 1 102
  79 182  1435475.125    20.202 1 103
  79 183  1445437.250     9.333 1 104
  79 184  1453635.625    22.264 1 105
  79 185  1463246.375     2.590 1 106
  79 186  1471174.500    21.018 1 107
  79 187  1480558.750    22.253 1 108
  79 188  1487973.500     2.632 1 109
  79 189  1497255.500    20.034 1 110
  79 190  1504578.500     3.420 1 111
  79 191  1513614.125     4.966 1 112
  79 192  1520659.625    15.744 1 113
  79 193  1529363.625     8.685 1 114
  79 194  1536242.125     2.134 1 115
  79 195  1544668.500     1.170 1 116
  79 196  1551311.625     2.940 1 117
  79 197  1559383.750     0.591 1 118
  79 198  1565896.250     0.594 1 119
  79 199  1573480.500     0.597 1 120
  79 200  1579698.250    26.800 1 121
  79 201  1586930.125     3.216 1 122
  79 202  1592953.625    23.230 1 123
  79 203  1599815.375     3.045 1 124
  80 172  1326737.625   150.156 1  92
  80 174  1348462.500    19.140 1  94
  80 175  1357865.375    72.975 1  95
  80 176  1369749.000    11.088 1  96
  80 177  1378818.000    75.048 1  97
  80 178  1390422.625    10.858 1  98
  80 179  1399106.250    27.208 1  99
  80 180  1410499.750    12.600 1 100
  80 181  1418981.875    15.385 1 101
  80 182  1429968.875     9.828 1 102
  80 183  1438268.000     7.137 1 103
  80 184  1448883.500    10.120 1 104
  80 185  1456789.500    13.690 1 105
  80 186  1467216.375    11.718 1 106
  80 187  1474866.500    13.838 1 107
  80 188  1485021.750    12.220 1 108
  80 189  1492517.625    31.563 1 109
  80 190  1502333.250    15.960 1 110
  80 191  1509625.750    22.347 1 111
  80 192  1519116.625    15.552 1 112
  80 193  1526238.625    15.440 1 113
  80 194  1535431.875     2.910 1 114
  80 195  1542332.375    23.205 1 115
  80 196  1551216.375     2.940 1 116
  80 197  1558002.125     3.152 1 117
  80 198  1566487.250     0.396 1 118
  80 199  1573150.500     0.597 1 119
  80 200  1581179.000     0.600 1 120
  80 201  1587409.625     0.804 1 121
  80 202  1595163.750     0.606 1 122
  80 203  1601158.875     1.624 1 123
  80 204  1608651.125     0.408 1 124
  80 205  1614320.000     3.690 1 125
  80 206  1621049.375    20.394 1 126
  80 207  1624662.250    29.808 1 127
  80 208  1629511.750    30.784 1 128
  81 176  1356600.125    75.152 1  95
  81 177  1368593.500    21.594 1  96
  81 179  1389664.125    38.843 1  98
  81 180  1398853.625    59.940 1  99
  81 181  1410337.125     9.050 1 100
  81 182  1418937.500    11.830 1 101
  81 183  1430268.125     9.333 1 102
  81 184  1438635.500     9.936 1 103
  81 185  1449581.375    20.720 1 104
  81 186  1457781.500    22.320 1 105
  81 187  1468410.750     8.041 1 106
  81 188  1476374.000    29.892 1 107
  81 189  1486725.000     8.316 1 108
  81 190  1494552.125     7.980 1 109
  81 191  1504534.500     7.258 1 110
  81 192  1512195.125    31.680 1 111
  81 193  1521871.500     6.755 1 112
  81 194  1529402.875    13.968 1 113
  81 195  1538692.000    11.115 1 114
  81 196  1546104.625    12.152 1 115
  81 197  1555021.000    16.351 1 116
  81 198  1562279.375     7.524 1 117
  81 199  1570881.500    27.860 1 118
  81 200  1577940.625     5.800 1 119
  81 201  1586145.500    14.271 1 120
  81 202  1593016.250     1.616 1 121
  81 203  1600868.750     1.218 1 122
  81 204  1607524.625     1.224 1 123
  81 205  1615070.750     1.230 1 124
  81 206  1621574.625     1.236 1 125
  81 207  1628427.000     5.382 1 126
  81 208  1632214.125     1.872 1 127
  81 209  1637180.000     6.061 1 128
  81 210  1640853.500    11.550 1 129
  81 211  1645755.875    41.989 1 130
  81 213  1654036.625    27.051 1 132
  82 178  1368967.750    24.030 1  96
  82 179  1378562.750    75.538 1  97
  82 180  1390626.000    12.420 1  98
  82 181  1399873.375    75.477 1  99
  82 182  1411652.375    12.012 1 100
  82 183  1420473.750    28.182 1 101
  82 184  1432021.375    12.880 1 102
  82 185  1440582.500    16.095 1 103
  82 186  1451794.625    11.346 1 104
  82 187  1460170.750     5.049 1 105
  82 188  1471070.500    10.716 1 106
  82 189  1479170.500    13.986 1 107
  82 190  1489814.500    12.540 1 108
  82 191  1497700.250    37.245 1 109
  82 192  1508096.500    13.248 1 110
  82 193  1515806.375    49.601 1 111
  82 194  1525891.125    17.460 1 112
  82 195  1533462.125    17.940 1 113
  82 196  1543174.000     7.644 1 114
  82 197  1550642.625     4.728 1 115
  82 198  1560035.875     8.712 1 116
  82 199  1567271.375     9.950 1 117
  82 200  1576362.000    11.000 1 118
  82 201  1583453.250    13.668 1 119
  82 202  1592194.250     3.838 1 120
  82 203  1599111.625     6.496 1 121
  82 204  1607506.125     1.224 1 122
  82 205  1614237.875     1.230 1 123
  82 206  1622324.500     1.236 1 124
  82 207  1629062.250     1.242 1 125
  82 208  1636430.250     1.248 1 126
  82 209  1640367.375     1.672 1 127
  82 210  1645552.625     1.470 1 128
  82 211  1649388.500     2.321 1 129
  82 212  1654515.625     1.908 1 130
  82 213  1658241.625     7.029 1 131
  82 214  1663292.375     1.926 1 132
  82 215  1666838.375    52.460 1 133
  83 184  1419124.500    78.200 1 101
  83 186  1439476.500    16.926 1 103
  83 187  1450784.875    10.098 1 104
  83 188  1459667.500    11.280 1 105
  83 189  1470608.875    20.790 1 106
  83 190  1479215.000    22.610 1 107
  83 191  1489926.250     7.449 1 108
  83 192  1498292.750    30.144 1 109
  83 193  1508714.000     7.527 1 110
  83 194  1516929.625     6.208 1 111
  83 195  1526997.625     5.265 1 112
  83 196  1535052.375    24.500 1 113
  83 197  1544801.875     8.274 1 114
  83 198  1552555.375    27.918 1 115
  83 199  1562054.875    10.547 1 116
  83 200  1569699.375    22.400 1 117
  83 201  1578816.375    15.276 1 118
  83 202  1586212.875    15.352 1 119
  83 203  1595067.500    12.789 1 120
  83 204  1602259.875     9.180 1 121
  83 205  1610749.750     5.125 1 122
  83 206  1617784.750     7.622 1 123
  83 207  1625882.500     2.484 1 124
  83 208  1632769.375     2.288 1 125
  83 209  1640229.250     1.463 1 126
  83 210  1644833.875     1.260 1 127
  83 211  1649972.250     5.486 1 128
  83 212  1654302.375     1.908 1 129
  83 213  1659487.500     5.112 1 130
  83 214  1663528.000    11.128 1 131
  83 215  1668769.125     5.590 1 132
  83 216  1672595.750    11.232 1 133
  83 217  1677811.000    17.794 1 134
  83 218  1681396.375    27.032 1 135
  84 186  1431446.875    18.228 1 102
  84 187  1440790.750    31.977 1 103
  84 188  1452234.750    19.928 1 104
  84 189  1461183.750    22.113 1 105
  84 190  1472397.000    13.490 1 106
  84 191  1480973.125     7.067 1 107
  84 192  1492046.500    11.136 1 108
  84 193  1500372.375    14.475 1 109
  84 194  1511123.000    12.998 1 110
  84 195  1519246.000    37.440 1 111
  84 196  1529734.125    13.524 1 112
  84 197  1537690.375    49.644 1 113
  84 198  1547877.125    17.424 1 114
  84 199  1555683.500    18.109 1 115
  84 200  1565488.000     7.600 1 116
  84 201  1573138.750     5.025 1 117
  84 202  1582630.625     8.686 1 118
  84 203  1590071.125     8.729 1 119
  84 204  1599172.875    11.016 1 120
  84 205  1606424.250    10.045 1 121
  84 206  1615163.000     3.914 1 122
  84 207  1622191.250     6.624 1 123
  84 208  1630586.500     1.664 1 124
  84 209  1637554.250     1.881 1 125
  84 210  1645212.750     1.050 1 126
  84 211  1649763.500     1.266 1 127
  84 212  1655771.500     1.060 1 128
  84 213  1660127.125     2.982 1 129
  84 214  1666014.875     1.498 1 130
  84 215  1670157.750     2.150 1 131
  84 216  1675904.875     1.728 1 132
  84 217  1679875.125     6.510 1 133
  84 218  1685473.125     1.962 1 134
  84 219  1689219.875    15.768 1 135
  84 220  1694709.250    17.600 1 136
  84 221  1698270.250    19.669 1 137
  84 222  1703629.125    39.960 1 138
  85 191  1471258.250    16.044 1 106
  85 192  1480267.625    27.840 1 107
  85 193  1491332.000    21.616 1 108
  85 194  1500056.250    25.026 1 109
  85 195  1510877.750     9.555 1 110
  85 196  1519393.375    30.380 1 111
  85 197  1529905.375     8.077 1 112
  85 198  1538335.875     5.940 1 113
  85 199  1548516.125     5.373 1 114
  85 200  1556751.750    24.400 1 115
  85 201  1566624.750     8.241 1 116
  85 202  1574497.250    27.876 1 117
  85 203  1584140.500    10.556 1 118
  85 204  1591924.500    22.236 1 119
  85 205  1601092.500    15.170 1 120
  85 206  1608621.625    15.038 1 121
  85 207  1617490.500    12.420 1 122
  85 208  1624804.500     8.944 1 123
  85 209  1633288.375     5.016 1 124
  85 210  1640449.250     7.770 1 125
  85 211  1648195.750     2.743 1 126
  85 212  1653248.000     2.332 1 127
  85 213  1659270.625     4.899 1 128
  85 214  1664142.375     4.280 1 129
  85 215  1670089.500     6.880 1 130
  85 216  1674648.375     3.672 1 131
  85 217  1680581.750     4.991 1 132
  85 218  1684949.500    11.554 1 133
  85 219  1690722.875     3.285 1 134
  85 220  1694814.750    14.080 1 135
  85 221  1700479.000    13.923 1 136
  85 222  1704380.000    15.762 1 137
  85 223  1709976.250    14.049 1 138
  85 224  1713764.625    22.400 1 139
  86 193  1481439.500    25.090 1 107
  86 194  1492830.250    16.878 1 108
  86 195  1501574.625    50.505 1 109
  86 196  1512725.375    14.504 1 110
  86 197  1521257.250    16.154 1 111
  86 198  1532069.375    13.464 1 112
  86 199  1540409.875    37.611 1 113
  86 200  1550986.375    13.600 1 114
  86 201  1559125.250    49.647 1 115
  86 202  1569398.750    17.574 1 116
  86 203  1577349.125    18.270 1 117
  86 204  1587237.125     7.344 1 118
  86 205  1595048.000     5.125 1 119
  86 206  1604542.500     8.652 1 120
  86 207  1612115.625     8.487 1 121
  86 208  1621207.750    11.232 1 122
  86 209  1628564.500    10.032 1 123
  86 210  1637299.625     4.620 1 124
  86 211  1644521.500     6.752 1 125
  86 212  1652497.000     3.180 1 126
  86 213  1657604.750     3.408 1 127
  86 214  1664299.875     9.202 1 128
  86 215  1669220.000     7.740 1 129
  86 216  1675870.000     6.048 1 130
  86 217  1680535.375     4.123 1 131
  86 218  1687047.875     2.398 1 132
  86 219  1691507.125     2.190 1 133
  86 220  1697795.875     1.760 1 134
  86 221  1702007.875     5.746 1 135
  86 222  1708178.375     1.998 1 136
  86 223  1712232.125     7.805 1 137
  86 224  1718248.250     9.856 1 138
  86 225  1722230.250    11.250 1 139
  86 226  1728088.750    10.396 1 140
  86 227  1732021.250    14.074 1 141
  86 228  1737735.125    17.784 1 142
  86 229  1741687.500    13.053 1 143
  87 197  1511731.375    54.372 1 110
  87 198  1520482.625    32.274 1 111
  87 199  1531356.500    13.731 1 112
  87 200  1540066.750    30.600 1 113
  87 201  1550682.000     9.045 1 114
  87 202  1559245.750     7.070 1 115
  87 203  1569536.750     6.293 1 116
  87 204  1577877.125    24.480 1 117
  87 205  1587865.625     7.790 1 118
  87 206  1595869.625    28.222 1 119
  87 207  1605543.000    17.595 1 120
  87 208  1613435.750    11.856 1 121
  87 209  1622610.750    14.630 1 122
  87 210  1630245.750    15.120 1 123
  87 211  1639123.875    12.027 1 124
  87 212  1646571.125     8.692 1 125
  87 213  1654679.125     5.112 1 126
  87 214  1660156.375     8.560 1 127
  87 215  1666950.875     7.095 1 128
  87 216  1672369.500     4.104 1 129
  87 217  1679097.125     6.510 1 130
  87 218  1684423.875     4.796 1 131
  87 219  1690936.375     7.008 1 132
  87 220  1696143.250     3.960 1 133
  87 221  1702419.500     4.862 1 134
  87 222  1707390.125     7.548 1 135
  87 223  1713457.125     2.007 1 136
  87 224  1718162.250    11.200 1 137
  87 225  1724161.500    11.925 1 138
  87 226  1728533.000     6.328 1 139
  87 227  1734442.250     5.902 1 140
  87 228  1738812.000     6.840 1 141
  87 229  1744599.125     5.038 1 142
  87 230  1748852.000     6.440 1 143
  87 231  1754329.500     7.623 1 144
  87 232  1758408.500    13.920 1 145
  87 233  1763632.625    19.572 1 146
  88 201  1541551.500    20.301 1 113
  88 202  1552484.750    14.948 1 114
  88 203  1560969.125    38.164 1 115
  88 204  1571645.375    15.300 1 116
  88 205  1579934.625    70.520 1 117
  88 206  1590279.125    17.922 1 118
  88 207  1598371.625    53.199 1 119
  88 208  1608259.500     8.944 1 120
  88 209  1616200.625     5.643 1 121
  88 210  1625687.375     9.240 1 122
  88 211  1633369.375     8.018 1 123
  88 212  1642471.625    11.236 1 124
  88 213  1649998.625     9.798 1 125
  88 214  1658322.625     5.350 1 126
  88 215  1663952.875     7.525 1 127
  88 216  1671267.000     8.640 1 128
  88 217  1676739.750     7.161 1 129
  88 218  1684049.625    11.118 1 130
  88 219  1689377.625     8.322 1 131
  88 220  1696573.125     8.140 1 132
  88 221  1701950.750     4.641 1 133
  88 222  1708665.625     4.440 1 134
  88 223  1713823.875     2.007 1 135
  88 224  1720302.500     1.792 1 136
  88 225  1725206.875     2.700 1 137
  88 226  1731603.375     2.034 1 138
  88 227  1736164.875     2.043 1 139
  88 228  1742473.625     2.052 1 140
  88 229  1746923.000    15.343 1 141
  88 230  1753040.250    10.350 1 142
  88 231  1757411.250    11.319 1 143
  88 232  1763202.000     9.048 1 144
  88 233  1767436.375     8.621 1 145
  88 234  1772911.000     8.424 1 146
  89 205  1570884.500    50.840 1 116
  89 206  1579583.000    50.470 1 117
  89 207  1589987.500    50.301 1 118
  89 208  1598452.000    55.744 1 119
  89 209  1608432.625    50.578 1 120
  89 210  1616558.125    57.330 1 121
  89 211  1626216.875    52.961 1 122
  89 212  1634213.000    51.304 1 123
  89 213  1643407.000    15.336 1 124
  89 214  1651189.125    15.408 1 125
  89 215  1659673.875    12.470 1 126
  89 216  1665631.250    10.800 1 127
  89 217  1673143.375    11.284 1 128
  89 218  1679074.500    50.794 1 129
  89 219  1686420.250    50.589 1 130
  89 220  1692317.250     6.160 1 131
  89 221  1699609.125    50.388 1 132
  89 222  1705582.000     5.106 1 133
  89 223  1712448.875     7.136 1 134
  89 224  1718112.000     4.032 1 135
  89 225  1724780.250     4.725 1 136
  89 226  1730179.625     3.164 1 137
  89 227  1736710.500     1.816 1 138
  89 228  1741736.625     2.052 1 139
  89 229  1748012.875    12.137 1 140
  89 230  1752935.750    15.870 1 141
  89 231  1759082.625    12.936 1 142
  89 232  1763762.375    12.992 1 143
  89 233  1769680.000    13.048 1 144
  89 234  1774218.125    14.040 1 145
  89 235  1779773.375    13.865 1 146
  89 236  1783981.125    38.232 1 147
  90 208  1591739.125    34.112 1 118
  90 210  1610506.000    18.900 1 120
  90 211  1618726.625    73.006 1 121
  90 212  1628597.125    10.176 1 122
  90 213  1636659.250     9.159 1 123
  90 214  1646155.875    10.700 1 124
  90 215  1654000.375     8.815 1 125
  90 216  1662695.000    12.096 1 126
  90 217  1668859.000    10.633 1 127
  90 218  1676769.250    10.464 1 128
  90 219  1682735.750    50.589 1 129
  90 220  1690609.500    22.220 1 130
  90 221  1696409.500     8.177 1 131
  90 222  1704218.125    12.210 1 132
  90 223  1710106.750     9.143 1 133
  90 224  1717570.250    10.080 1 134
  90 225  1723325.000     5.175 1 135
  90 226  1730508.875     4.520 1 136
  90 227  1735973.000     2.043 1 137
  90 228  1743078.250     1.824 1 138
  90 229  1748334.875     2.519 1 139
  90 230  1755129.125     1.150 1 140
  90 231  1760247.250     1.155 1 141
  90 232  1766687.750     1.392 1 142
  90 233  1771474.125     1.398 1 143
  90 234  1777664.125     2.574 1 144
  90 235  1782330.375    12.925 1 145
  90 236  1788164.375    13.924 1 146
  90 237  1792536.000    15.879 1 147
  91 212  1618332.375    74.836 1 121
  91 213  1628334.375    71.142 1 122
  91 214  1636582.750    76.184 1 123
  91 215  1646275.625    72.885 1 124
  91 216  1654411.875    53.568 1 125
  91 217  1663213.875    15.841 1 126
  91 218  1669669.875    18.312 1 127
  91 219  1677884.750    51.465 1 128
  91 221  1692191.250    51.272 1 130
  91 223  1706389.625    71.137 1 132
  91 224  1712919.250     7.616 1 133
  91 225  1720512.000    71.100 1 134
  91 226  1726890.875    11.526 1 135
  91 227  1734164.250     7.491 1 136
  91 228  1740143.250     4.332 1 137
  91 229  1747241.125     3.206 1 138
  91 230  1753035.875     2.990 1 139
  91 231  1759856.375     1.848 1 140
  91 232  1765405.375     7.656 1 141
  91 233  1771933.875     1.398 1 142
  91 234  1777155.875     3.978 1 143
  91 235  1783277.125    13.865 1 144
  91 236  1788303.500    13.924 1 145
  91 237  1794181.000    13.035 1 146
  91 238  1798885.875    15.946 1 147
  92 215  1638434.125    88.580 1 123
  92 216  1648362.375    28.080 1 124
  92 218  1665676.750    13.734 1 126
  92 219  1672356.125    50.808 1 127
  92 221  1687265.125    51.051 1 129
  92 222  1695583.625    51.948 1 130
  92 223  1702090.750    71.137 1 131
  92 224  1710277.000    23.072 1 132
  92 225  1716690.625    10.800 1 133
  92 226  1724813.000    13.108 1 134
  92 227  1731167.625     9.761 1 135
  92 228  1739062.250    14.364 1 136
  92 229  1745145.125     5.954 1 137
  92 230  1752812.000     4.600 1 138
  92 231  1758692.500     2.772 1 139
  92 232  1765960.125     1.856 1 140
  92 233  1771721.750     2.330 1 141
  92 234  1778567.250     1.170 1 142
  92 235  1783864.750     1.175 1 143
  92 236  1790410.250     1.180 1 144
  92 237  1795536.125     1.185 1 145
  92 238  1801689.750     1.428 1 146
  92 239  1806496.125     1.434 1 147
  92 240  1812424.750     2.640 1 148
  93 219  1665403.625    88.257 1 126
  93 225  1711700.375    71.550 1 132
  93 227  1726868.750    72.413 1 134
  93 228  1733906.500    50.616 1 135
  93 229  1741793.625    86.791 1 136
  93 230  1748408.500    51.290 1 137
  93 231  1756091.500    50.589 1 138
  93 233  1769910.250    51.027 1 140
  93 234  1775975.125     8.424 1 141
  93 235  1782958.250     1.410 1 142
  93 236  1788694.500    50.504 1 143
  93 237  1795272.375     1.185 1 144
  93 238  1800760.625     1.190 1 145
  93 239  1806975.500     1.195 1 146
  93 240  1812041.500    17.040 1 147
  93 241  1818169.125    70.613 1 148
  93 242  1823083.500   199.892 1 149
  94 228  1730632.500    29.184 1 134
  94 229  1737395.500    51.067 1 135
  94 230  1745928.000    14.720 1 136
  94 231  1752624.750    22.638 1 137
  94 232  1760642.000    17.632 1 138
  94 233  1767024.500    50.328 1 139
  94 234  1774797.625     6.786 1 140
  94 235  1781036.500    20.445 1 141
  94 236  1788388.625     1.888 1 142
  94 237  1794269.875     1.659 1 143
  94 238  1801269.625     1.190 1 144
  94 239  1806916.000     1.195 1 145
  94 240  1813450.125     1.200 1 146
  94 241  1818691.750     1.205 1 147
  94 242  1825001.125     1.210 1 148
  94 243  1830034.875     2.430 1 149
  94 244  1836054.875     2.440 1 150
  94 245  1840753.750    13.720 1 151
  94 246  1846608.625    15.006 1 152
  95 229  1731858.750    87.249 1 134
  95 235  1777811.125    52.170 1 140
  95 238  1798229.000    50.694 1 143
  95 239  1805331.375     1.912 1 144
  95 240  1811283.125    13.920 1 145
  95 241  1817930.000     1.205 1 146
  95 242  1823467.875     1.210 1 147
  95 243  1829832.000     1.458 1 148
  95 244  1835199.125     1.464 1 149
  95 245  1841249.250     1.960 1 150
  96 233  1758217.500    71.531 1 137
  96 234  1766858.375    17.316 1 138
  96 236  1781870.500    18.408 1 140
  96 237  1788549.875    70.863 1 141
  96 238  1796423.125    12.138 1 142
  96 239  1802792.500    54.014 1 143
  96 240  1810286.625     1.920 1 144
  96 241  1816380.375     1.687 1 145
  96 242  1823349.750     1.210 1 146
  96 243  1829042.750     1.458 1 147
  96 244  1835844.375     1.220 1 148
  96 245  1841362.875     1.225 1 149
  96 246  1847821.875     1.476 1 150
  96 247  1852977.000     3.705 1 151
  96 248  1859188.500     2.480 1 152
  96 249  1863901.875     2.490 1 153
  96 250  1869734.500    10.250 1 154
  96 251  1874147.250    22.590 1 155
  97 243  1826752.750     4.617 1 146
  97 244  1832799.875    14.396 1 147
  97 245  1839771.125     1.715 1 148
  97 246  1845689.625    60.024 1 149
  97 247  1852238.125     5.187 1 150
  97 249  1864024.000     1.245 1 152
  97 250  1868991.750     3.750 1 153
  97 251  1874785.000    10.793 1 154
  98 237  1778293.250    87.216 1 139
  98 240  1802455.250    18.720 1 142
  98 242  1817201.750    12.826 1 144
  98 244  1831253.250     2.684 1 146
  98 245  1837417.500     2.450 1 147
  98 246  1844783.750     1.476 1 148
  98 247  1850841.375    15.314 1 149
  98 248  1857778.625     5.208 1 150
  98 249  1863365.125     1.245 1 151
  98 250  1869989.000     1.500 1 152
  98 251  1875095.500     4.016 1 153
  98 252  1881267.500     2.268 1 154
  98 253  1886071.750     4.301 1 155
  98 254  1892103.125    11.430 1 156
  99 247  1847584.750    19.513 1 148
  99 251  1873936.125     6.024 1 152
  99 252  1879225.000    50.148 1 153
  99 253  1885580.500     1.265 1 154
  99 254  1890671.625     4.064 1 155
  99 255  1896644.250    10.710 1 156
 100 246  1837120.625    15.252 1 146
 100 248  1851554.125     8.432 1 148
 100 249  1858004.125     6.225 1 149
 100 250  1865522.500     8.000 1 150
 100 251  1871712.000    15.311 1 151
 100 252  1878921.625     5.544 1 152
 100 253  1884463.000     3.036 1 153
 100 254  1890977.125     2.540 1 154
 100 255  1896151.500     4.335 1 155
 100 256  1902535.625     5.632 1 156
 100 257  1907503.875     4.369 1 157
 101 251  1867916.875    18.825 1 150
 101 255  1894325.875     6.630 1 154
 101 257  1906318.625     1.542 1 156
 101 258  1911696.125     4.386 1 157
 102 252  1871301.000     9.324 1 150
 102 253  1877885.250     6.831 1 151
 102 254  1885591.875     9.652 1 152
 102 255  1891579.250    14.790 1 153
 102 256  1898635.750     7.680 1 154
 102 257  1904281.875     6.682 1 155
 102 259  1916593.250     6.475 1 157
 103 255  1887656.875    17.595 1 152
 103 256  1893929.000    82.944 1 153
 104 256  1890671.125    17.920 1 152
 104 257  1897098.000    10.794 1 153
 104 258  1904694.875    31.992 1 154
 104 261  1923931.125    50.373 1 157
 105 259  1906333.750    53.095 1 154
 106 260  1909066.125    20.540 1 154
 106 261  1915680.000    18.531 1 155
 106 262  1923390.500    35.370 1 156
 108 264  1926771.000    28.776 1 156
 108 265  1933505.500    23.850 1 157
 108 266  1941340.625    38.570 1 158
 110 269  1950291.375    31.473 1 159
 110 270  1958519.250    48.060 1 160
