   1    2    3    0.8808
   2    4    6    0.3905
   2    6    8   -0.1421
   3    5    8   -0.2500
   3    6    9   -0.1990
   3    8   11    0.2370
   4    5    9   -0.1270
   4    7   11   -0.0530
   4    8   12    0.1420
   6    8   14    0.0323
   8   10   18    0.0735
  10    9   19   -0.0331
  10   10   20    0.0341
  10   11   21   -0.0387
  10   12   22   -0.0530
  10   13   23   -0.0591
  10   14   24   -0.0518
  10   15   25    0.0212
  10   16   26    0.0244
  10   18   28    0.0391
  11   11   22    0.0134
  11   12   23   -0.0200
  11   13   24   -0.0117
  11   14   25   -0.0167
  11   15   26    0.0193
  11   16   27    0.0367
  11   17   28    0.0472
  11   18   29    0.0786
  11   19   30    0.0780
  11   20   31    0.0782
  12   12   24   -0.0120
  12   13   25   -0.0137
  12   14   26   -0.0231
  12   15   27    0.0036
  12   16   28    0.0354
  12   17   29    0.0432
  12   18   30    0.0416
  12   19   31    0.0730
  12   20   32    0.0754
  14   16   30    0.0112
  16   18   34    0.0236
  16   20   36    0.0138
  17   20   37    0.0186
  18   16   34    0.0186
  18   17   35    0.0198
  18   18   36    0.0251
  18   19   37    0.0272
  18   20   38    0.0123
  18   21   39    0.0185
  18   22   40    0.0246
  18   23   41    0.0158
  18   24   42    0.0140
  18   25   43    0.0103
  18   26   44    0.0040
  18   28   46   -0.0077
  19   20   39    0.0184
  19   21   40    0.0088
  19   22   41    0.0106
  19   23   42    0.0145
  19   24   43    0.0022
  19   25   44    0.0003
  19   26   45    0.0034
  19   27   46   -0.0055
  19   28   47   -0.0108
  19   29   48    0.0272
  19   30   49    0.0493
  19   31   50    0.0356
  19   32   51    0.0281
  20   21   41    0.0187
  20   22   42    0.0308
  20   23   43    0.0160
  20   24   44    0.0103
  20   25   45    0.0015
  20   26   46   -0.0232
  20   27   47   -0.0176
  20   28   48   -0.0178
  20   29   49    0.0137
  20   30   50    0.0415
  20   31   51    0.0419
  20   32   52    0.0339
  21   23   44   -0.0270
  21   24   45   -0.0116
  21   25   46   -0.0189
  22   24   46   -0.0045
  22   25   47    0.0023
  22   26   48   -0.0149
  22   27   49   -0.0229
  22   28   50   -0.0217
  24   28   52   -0.0136
  24   30   54    0.0433
  25   27   52   -0.0414
  25   28   53   -0.0364
  25   29   54    0.0128
  25   30   55    0.0395
  25   31   56    0.0312
  26   30   56    0.0444
  26   32   58    0.0368
  28   32   60    0.0361
  28   34   62    0.0281
  28   36   64    0.0173
  29   36   65    0.0199
  30   36   66    0.0208
  30   38   68    0.0167
  30   40   70    0.0187
  31   35   66    0.0316
  31   37   68    0.0144
  31   39   70    0.0148
  31   40   71    0.0145
  31   41   72    0.0320
  31   42   73    0.0302
  31   43   74    0.0077
  31   44   75    0.0052
  31   45   76    0.0065
  31   46   77    0.0028
  31   47   78   -0.0007
  31   48   79   -0.0022
  31   49   80   -0.0035
  31   50   81   -0.0037
  31   51   82    0.0253
  32   40   72    0.0162
  32   42   74    0.0166
  32   44   76    0.0069
  34   42   76    0.0695
  34   44   78    0.0011
  34   46   80   -0.0006
  34   48   82    0.0000
  35   46   81   -0.0030
  36   38   74    0.0235
  36   40   76    0.0150
  36   41   77   -0.0015
  36   42   78    0.0018
  36   43   79   -0.0048
  36   44   80   -0.0068
  36   45   81   -0.0082
  36   46   82   -0.0051
  36   47   83   -0.0081
  36   48   84   -0.0035
  36   49   85   -0.0025
  36   50   86   -0.0049
  36   51   87    0.0138
  36   52   88    0.0336
  36   53   89    0.0302
  36   54   90    0.0252
  36   55   91    0.0257
  36   56   92    0.0301
  36   57   93    0.0251
  36   58   94    0.0278
  36   59   95    0.0273
  36   60   96    0.0265
  37   39   76    0.0407
  37   40   77    0.0100
  37   41   78    0.0091
  37   42   79   -0.0085
  37   43   80   -0.0128
  37   44   81   -0.0082
  37   45   82   -0.0121
  37   46   83   -0.0167
  37   47   84   -0.0176
  37   48   85   -0.0032
  37   49   86    0.0021
  37   50   87   -0.0050
  37   51   88    0.0143
  37   52   89    0.0409
  37   53   90    0.0390
  37   54   91    0.0335
  37   55   92    0.0353
  37   56   93    0.0335
  37   57   94    0.0288
  37   58   95    0.0346
  37   59   96    0.0322
  37   60   97    0.0860
  37   61   98    0.0853
  38   41   79    0.0017
  38   42   80    0.0001
  38   43   81   -0.0039
  38   44   82   -0.0084
  38   45   83   -0.0092
  38   46   84   -0.0084
  38   47   85   -0.0151
  38   48   86   -0.0087
  38   49   87   -0.0055
  38   50   88   -0.0067
  38   51   89    0.0158
  38   52   90    0.0371
  38   53   91    0.0333
  38   54   92    0.0313
  38   55   93    0.0286
  38   56   94    0.0267
  38   57   95    0.0279
  38   58   96    0.0331
  38   59   97    0.0320
  38   60   98    0.0855
  38   61   99    0.0870
  38   62  100    0.0263
  39   49   88   -0.0072
  39   50   89   -0.0068
  39   51   90    0.0132
  39   53   92    0.0314
  39   55   94    0.0255
  39   56   95    0.0232
  39   57   96    0.0260
  39   58   97    0.0296
  39   59   98    0.0309
  39   60   99    0.1078
  39   61  100    0.0994
  39   62  101    0.0205
  39   63  102    0.0206
  40   49   89   -0.0083
  40   50   90   -0.0093
  40   51   91    0.0139
  40   52   92    0.0363
  40   54   94    0.0263
  40   56   96    0.0192
  40   58   98    0.0500
  40   59   99    0.0364
  40   60  100    0.0879
  40   61  101    0.0963
  40   62  102    0.0401
  41   51   92    0.0135
  41   52   93    0.0362
  41   60  101    0.0799
  41   62  103    0.0236
  42   50   92   -0.0114
  42   52   94    0.0378
  42   54   96    0.0318
  42   55   97    0.0252
  42   56   98    0.0244
  42   58  100    0.0377
  42   60  102    0.0446
  42   62  104    0.0335
  42   63  105    0.0244
  42   64  106    0.0241
  42   66  108    0.0112
  44   54   98    0.0321
  44   56  100    0.0302
  44   57  101    0.0268
  44   58  102    0.0278
  44   60  104    0.0289
  46   58  104    0.0251
  46   60  106    0.0240
  46   62  108    0.0245
  46   64  110    0.0219
  47   56  103    0.0237
  47   58  105    0.0233
  47   60  107    0.0185
  47   62  109    0.0184
  48   56  104    0.0312
  48   57  105    0.0265
  48   58  106    0.0261
  48   59  107    0.0250
  48   60  108    0.0194
  48   61  109    0.0135
  48   62  110    0.0188
  48   63  111    0.0244
  48   64  112    0.0179
  48   65  113    0.0167
  48   66  114    0.0143
  48   67  115    0.0102
  48   68  116    0.0116
  48   69  117    0.0022
  48   70  118    0.0043
  48   72  120    0.0054
  49   57  106    0.0191
  49   58  107    0.0183
  49   59  108    0.0196
  49   60  109    0.0191
  49   61  110    0.0171
  49   62  111    0.0171
  49   63  112    0.0165
  49   64  113    0.0154
  49   65  114    0.0149
  49   66  115    0.0146
  49   67  116    0.0155
  49   68  117    0.0136
  49   69  118    0.0124
  49   70  119    0.0115
  49   71  120    0.0108
  49   72  121    0.0098
  49   73  122    0.0091
  49   74  123    0.0089
  49   75  124    0.0091
  49   76  125    0.0076
  49   77  126    0.0077
  49   78  127    0.0063
  50   60  110    0.0180
  50   61  111    0.0157
  50   62  112    0.0163
  50   63  113    0.0179
  50   64  114    0.0151
  50   65  115    0.0133
  50   66  116    0.0151
  50   67  117    0.0154
  50   68  118    0.0143
  50   69  119    0.0136
  50   70  120    0.0126
  50   71  121    0.0128
  50   72  122    0.0115
  50   73  123    0.0099
  50   74  124    0.0101
  50   75  125    0.0100
  50   76  126    0.0098
  50   77  127    0.0102
  50   78  128    0.0088
  50   79  129    0.0067
  50   80  130    0.0098
  50   81  131    0.0144
  50   82  132    0.0074
  51   72  123    0.0077
  52   66  118    0.0109
  52   68  120    0.0082
  52   70  122    0.0057
  52   72  124    0.0088
  52   73  125    0.0087
  52   74  126    0.0083
  52   76  128    0.0080
  52   78  130    0.0077
  52   80  132    0.0077
  52   82  134    0.0069
  52   84  136    0.0246
  54   64  118    0.0176
  54   66  120    0.0122
  54   68  122    0.0081
  54   70  124    0.0071
  54   72  126    0.0061
  54   74  128    0.0052
  54   75  129    0.0028
  54   76  130    0.0044
  54   77  131    0.0033
  54   78  132    0.0041
  54   79  133    0.0023
  54   80  134    0.0040
  54   82  136    0.0065
  54   84  138    0.0315
  54   85  139    0.0315
  54   86  140    0.0287
  54   87  141    0.0285
  54   88  142    0.0275
  54   89  143    0.0248
  54   90  144    0.0241
  54   92  146    0.0233
  55   65  120    0.0083
  55   66  121   -0.0127
  55   67  122   -0.0142
  55   68  123    0.0051
  55   69  124    0.0055
  55   70  125    0.0060
  55   71  126    0.0044
  55   72  127    0.0056
  55   73  128    0.0049
  55   74  129    0.0045
  55   75  130    0.0071
  55   76  131    0.0045
  55   77  132    0.0010
  55   78  133    0.0015
  55   79  134    0.0029
  55   80  135    0.0026
  55   81  136    0.0028
  55   82  137    0.0061
  55   83  138    0.0196
  55   84  139    0.0294
  55   85  140    0.0299
  55   86  141    0.0267
  55   87  142    0.0271
  55   88  143    0.0276
  55   89  144    0.0230
  55   90  145    0.0223
  55   91  146    0.0226
  56   66  122    0.0061
  56   67  123   -0.0041
  56   68  124    0.0032
  56   69  125    0.0042
  56   70  126    0.0036
  56   71  127    0.0027
  56   72  128    0.0034
  56   73  129    0.0044
  56   74  130    0.0028
  56   75  131    0.0028
  56   76  132    0.0020
  56   77  133    0.0010
  56   78  134    0.0019
  56   79  135    0.0008
  56   80  136    0.0012
  56   81  137    0.0020
  56   82  138    0.0044
  56   83  139    0.0199
  56   84  140    0.0306
  56   85  141    0.0294
  56   86  142    0.0269
  56   87  143    0.0280
  56   88  144    0.0283
  56   89  145    0.0258
  56   90  146    0.0243
  56   92  148    0.0252
  57   80  137    0.0008
  57   82  139    0.0054
  58   80  138   -0.0002
  58   82  140    0.0034
  58   84  142    0.0292
  58   86  144    0.0240
  58   88  146    0.0287
  58   90  148    0.0303
  60   74  134   -0.0046
  60   76  136   -0.0017
  60   77  137   -0.0006
  60   78  138    0.0012
  60   79  139   -0.0004
  60   80  140   -0.0022
  60   81  141   -0.0019
  60   82  142    0.0022
  60   83  143    0.0197
  60   84  144    0.0298
  60   85  145    0.0281
  60   86  146    0.0275
  60   88  148    0.0303
  60   90  150    0.0401
  62   78  140   -0.0034
  62   79  141   -0.0039
  62   80  142   -0.0047
  62   81  143   -0.0038
  62   82  144    0.0006
  62   83  145    0.0172
  62   84  146    0.0284
  62   85  147    0.0241
  62   86  148    0.0234
  62   87  149    0.0242
  62   88  150    0.0345
  62   89  151    0.0416
  62   90  152    0.0432
  62   91  153    0.0375
  62   92  154    0.0234
  63   76  139   -0.0002
  63   77  140   -0.0084
  63   78  141   -0.0063
  63   79  142   -0.0088
  63   80  143   -0.0061
  63   81  144    0.0005
  63   82  145    0.0027
  63   83  146    0.0177
  63   84  147    0.0275
  63   85  148    0.0256
  63   86  149    0.0264
  63   87  150    0.0251
  63   88  151    0.0320
  63   89  152    0.0768
  63   90  153    0.0593
  63   91  154    0.0175
  63   92  155    0.0106
  63   93  156    0.0025
  63   94  157    0.0130
  63   95  158    0.0149
  63   96  159    0.0147
  64   84  148    0.0279
  64   86  150    0.0262
  64   88  152    0.0432
  64   90  154    0.0449
  64   92  156    0.0197
  64   93  157    0.0130
  64   94  158    0.0149
  64   96  160    0.0165
  65   84  149    0.0226
  65   85  150    0.0208
  65   86  151    0.0203
  65   87  152    0.0190
  65   88  153    0.0320
  65   89  154    0.0644
  65   90  155    0.0441
  65   92  157    0.0098
  65   94  159    0.0111
  66   82  148    0.0017
  66   84  150    0.0251
  66   85  151    0.0234
  66   86  152    0.0244
  66   87  153    0.0234
  66   88  154    0.0291
  66   89  155    0.0422
  66   90  156    0.0381
  66   91  157    0.0252
  66   92  158    0.0193
  66   93  159    0.0116
  66   94  160    0.0136
  66   95  161    0.0137
  66   96  162    0.0123
  66   97  163    0.0137
  66   98  164    0.0144
  67   86  153    0.0362
  67   87  154    0.0242
  67   88  155    0.0316
  67   89  156    0.0300
  67   90  157    0.0459
  67   91  158    0.0415
  67   92  159    0.0140
  67   93  160    0.0091
  67   94  161    0.0110
  67   95  162    0.0155
  67   96  163    0.0122
  67   98  165    0.0115
  68   84  152    0.0295
  68   86  154    0.0286
  68   88  156    0.0300
  68   90  158    0.0332
  68   92  160    0.0284
  68   94  162    0.0201
  68   96  164    0.0143
  68   98  166    0.0127
  68  100  168    0.0128
  68  102  170    0.0145
  69   87  156    0.0221
  69   89  158    0.0259
  69   90  159    0.0252
  69   91  160    0.0269
  69   92  161    0.0224
  69   93  162    0.0209
  69   94  163    0.0233
  69   95  164    0.0193
  69   96  165    0.0155
  69   97  166    0.0140
  69   98  167    0.0125
  69   99  168    0.0124
  69  100  169    0.0127
  69  101  170    0.0133
  69  102  171    0.0132
  69  103  172    0.0108
  70   84  154    0.0452
  70   86  156    0.0344
  70   87  157    0.0284
  70   88  158    0.0279
  70   89  159    0.0305
  70   90  160    0.0283
  70   91  161    0.0260
  70   92  162    0.0273
  70   93  163    0.0268
  70   94  164    0.0253
  70   95  165    0.0242
  70   96  166    0.0218
  70   97  167    0.0222
  70   98  168    0.0177
  70   99  169    0.0150
  70  100  170    0.0151
  70  101  171    0.0135
  70  102  172    0.0142
  70  103  173    0.0140
  70  104  174    0.0113
  70  105  175    0.0089
  70  106  176    0.0107
  71   92  163    0.0274
  71   93  164    0.0279
  71   94  165    0.0263
  71   95  166    0.0295
  71   96  167    0.0278
  71   97  168    0.0255
  71   98  169    0.0182
  71   99  170    0.0137
  71  100  171    0.0146
  71  101  172    0.0122
  71  102  173    0.0141
  71  103  174    0.0148
  71  104  175    0.0123
  71  105  176    0.0105
  71  106  177    0.0115
  71  107  178    0.0118
  71  108  179    0.0102
  72  100  172    0.0167
  72  101  173    0.0099
  72  102  174    0.0136
  72  103  175    0.0051
  72  104  176    0.0085
  72  105  177    0.0118
  72  106  178    0.0085
  72  107  179    0.0099
  72  108  180    0.0099
  72  110  182    0.0046
  74  108  182    0.0068
  74  110  184    0.0099
  74  112  186    0.0085
  75  112  187    0.0102
  76  110  186    0.0086
  76  112  188    0.0084
  76  113  189    0.0083
  76  114  190    0.0069
  76  116  192    0.0064
  77  107  184    0.0100
  77  108  185    0.0074
  77  109  186    0.0095
  77  110  187   -0.0042
  77  111  188   -0.0062
  77  112  189    0.0086
  77  114  191    0.0070
  77  116  193    0.0064
  78  102  180    0.0163
  78  103  181    0.0081
  78  104  182    0.0078
  78  105  183    0.0042
  78  106  184    0.0046
  78  107  185    0.0110
  78  108  186    0.0022
  78  109  187   -0.0085
  78  110  188    0.0016
  78  111  189   -0.0003
  78  112  190    0.0055
  78  113  191    0.0042
  78  114  192    0.0061
  78  115  193    0.0089
  78  116  194    0.0067
  78  117  195    0.0079
  78  118  196    0.0071
  78  120  198    0.0076
  79  106  185    0.0049
  79  107  186    0.0048
  79  108  187   -0.0278
  79  109  188   -0.0305
  79  110  189    0.0066
  79  111  190    0.0060
  79  112  191    0.0063
  79  113  192    0.0070
  79  114  193    0.0074
  79  115  194    0.0073
  79  116  195    0.0077
  79  117  196    0.0080
  79  118  197    0.0073
  79  119  198    0.0068
  79  120  199    0.0083
  80  103  183    0.0041
  80  104  184    0.0116
  80  105  185   -0.0008
  80  106  186    0.0068
  80  107  187   -0.0351
  80  108  188    0.0068
  80  109  189    0.0054
  80  110  190    0.0073
  80  111  191    0.0071
  80  112  192    0.0074
  80  113  193    0.0067
  80  114  194    0.0077
  80  115  195    0.0107
  80  116  196    0.0076
  80  117  197    0.0067
  80  118  198    0.0078
  80  119  199    0.0062
  80  120  200    0.0088
  80  121  201    0.0107
  80  122  202    0.0097
  80  123  203    0.0098
  80  124  204    0.0096
  80  125  205    0.0097
  80  126  206    0.0093
  81  104  185    0.0110
  81  109  190    0.0104
  81  111  192    0.0070
  81  112  193    0.0074
  81  113  194    0.0068
  81  114  195    0.0082
  81  115  196    0.0068
  81  116  197    0.0063
  81  117  198    0.0069
  81  118  199    0.0091
  81  119  200    0.0095
  81  120  201    0.0094
  81  121  202    0.0104
  81  122  203    0.0093
  81  123  204    0.0109
  81  124  205    0.0093
  81  126  207    0.0094
  82  102  184    0.0142
  82  103  185    0.0115
  82  104  186    0.0097
  82  105  187    0.0095
  82  106  188    0.0112
  82  107  189    0.0098
  82  108  190    0.0083
  82  109  191    0.0052
  82  110  192    0.0078
  82  111  193    0.0081
  82  112  194    0.0072
  82  113  195    0.0079
  82  114  196    0.0072
  82  115  197    0.0057
  82  116  198    0.0080
  82  117  199    0.0083
  82  118  200    0.0087
  82  119  201    0.0100
  82  120  202    0.0094
  82  121  203    0.0098
  82  122  204    0.0098
  82  123  205    0.0101
  82  124  206    0.0099
  82  125  207    0.0115
  82  126  208    0.0110
  82  127  209    0.0157
  82  128  210    0.0196
  82  129  211    0.0190
  82  130  212    0.0188
  82  132  214    0.0181
  83  121  204    0.0094
  83  122  205    0.0097
  83  123  206    0.0100
  83  124  207    0.0095
  83  125  208    0.0113
  83  126  209    0.0108
  83  127  210    0.0153
  83  129  212    0.0189
  84  110  194   -0.0053
  84  111  195   -0.0058
  84  112  196   -0.0031
  84  113  197   -0.0015
  84  114  198    0.0010
  84  115  199    0.0011
  84  116  200    0.0053
  84  117  201    0.0067
  84  118  202    0.0082
  84  119  203    0.0107
  84  120  204    0.0097
  84  121  205    0.0092
  84  122  206    0.0102
  84  123  207    0.0112
  84  124  208    0.0104
  84  125  209    0.0130
  84  126  210    0.0120
  84  127  211    0.0167
  84  134  218    0.0164
  86  118  204    0.0047
  86  120  206    0.0072
  86  121  207    0.0083
  86  122  208    0.0085
  86  123  209    0.0091
  86  124  210    0.0088
  86  125  211    0.0107
  86  126  212    0.0102
  86  134  220    0.0191
  86  135  221    0.0186
  86  136  222    0.0184
  87  117  204    0.0023
  87  118  205    0.0049
  87  119  206    0.0095
  87  120  207    0.0080
  87  121  208    0.0081
  87  122  209    0.0091
  87  123  210    0.0104
  87  124  211    0.0096
  87  125  212    0.0112
  87  126  213    0.0110
  87  132  219    0.0147
  87  133  220    0.0157
  87  134  221    0.0239
  87  135  222    0.0231
  87  136  223    0.0184
  87  137  224    0.0195
  87  138  225    0.0184
  87  139  226    0.0147
  87  140  227    0.0254
  87  141  228    0.0238
  87  142  229    0.0158
  87  144  231    0.0159
  88  122  210    0.0079
  88  123  211    0.0089
  88  124  212    0.0087
  88  125  213    0.0107
  88  126  214    0.0104
  88  134  222    0.0226
  88  135  223    0.0206
  88  136  224    0.0195
  88  137  225    0.0204
  88  138  226    0.0191
  88  139  227    0.0160
  88  140  228    0.0183
  88  141  229    0.0193
  88  142  230    0.0213
  88  144  232    0.0188
  90  139  229    0.0153
  90  140  230    0.0182
  90  142  232    0.0178
  92  143  235    0.0134
  92  144  236    0.0140
  92  146  238    0.0140
  94  146  240    0.0166
  94  147  241    0.0147
  94  148  242    0.0122
  94  150  244    0.0125
  95  148  243    0.0120
  96  148  244    0.0144
  96  150  246    0.0133
  96  152  248    0.0125
