i = 14	!Xylophone

0.2 0.0
0.8 17.4545454545
0.2 0.0
0.748405588025 18.9090909091
0.2 0.0
0.702551017818 20.3636363636
0.2 0.0
0.66152511789 21.8181818182
0.2 0.0
0.624600937673 23.2727272727
0.2 0.0
0.59119123884 24.7272727273
0.2 0.0
0.560816337425 26.1818181818
0.2 0.0
0.533080464728 27.6363636364
0.2 0.0
0.507654118967 29.0909090909
0.2 0.0
0.484260703959 30.5454545455
0.2 0.0
0.46266628431 32.0
0.2 0.0
0.44267163887 33.4545454545
0.2 0.0
0.424106031291 34.9090909091
0.2 0.0
0.406822278947 36.3636363636
0.2 0.0
0.390692814451 37.8181818182
0.2 0.0
0.375606513757 39.2727272727
0.2 0.0
0.361466121906 40.7272727273
0.2 0.0
0.34818614879 42.1818181818
0.2 0.0
0.335691137583 43.6363636364
0.2 0.0
0.323914230905 45.0909090909
0.2 0.0
0.312795976559 46.5454545455
0.2 0.0
0.302283327316 48.0
0.2 0.0
0.292328798878 49.4545454545
0.2 0.0
0.282889757537 50.9090909091
0.2 0.0
0.273927814762 52.3636363636
0.2 0.0
0.26540831043 53.8181818182
0.2 0.0
0.257299869876 55.2727272727
0.2 0.0
0.249574022753 56.7272727273
0.2 0.0
0.242204873823 58.1818181818
0.2 0.0
0.23516881763 59.6363636364
0.2 0.0
0.228444290332 61.0909090909
0.2 0.0
0.222011553194 62.5454545455
0.2 0.0
0.215852503094 64.0
0.133901357681 0.0
