# J_i  n_i  J_f  n_f     BE2(W.u.)
 0.0  1.0  1.0  2.0  5.41744 
 0.0  1.0  2.0  2.0  0.00237 
 0.0  2.0  1.0  2.0  0.90059 
 0.0  2.0  2.0  2.0  2.13027 
 1.0  1.0  1.0  2.0  0.00022 
 1.0  1.0  2.0  2.0  0.01197 
 1.0  2.0  1.0  2.0  0.01197 
 1.0  2.0  2.0  2.0  0.28841 
 1.0  1.0  1.0  2.0  0.01714 
 1.0  1.0  2.0  2.0  0.16836 
 1.0  2.0  1.0  2.0  0.03386 
 1.0  2.0  2.0  2.0  0.0012 
 1.0  1.0  1.0  2.0  0.11913 
 1.0  1.0  2.0  2.0  0.41105 
 1.0  2.0  1.0  2.0  0.33626 
 1.0  2.0  2.0  2.0  0.13861 
 2.0  1.0  1.0  2.0  1.56268 
 2.0  1.0  2.0  2.0  0.15268 
 2.0  2.0  1.0  2.0  0.15268 
 2.0  2.0  2.0  2.0  1.07329 
 2.0  1.0  1.0  2.0  0.03044 
 2.0  1.0  2.0  2.0  0.19058 
 2.0  2.0  1.0  2.0  0.34053 
 2.0  2.0  2.0  2.0  0.03161 
 2.0  1.0  1.0  2.0  0.99255 
 2.0  1.0  2.0  2.0  1.06797 
 2.0  2.0  1.0  2.0  0.30445 
 2.0  2.0  2.0  2.0  0.00038 
 3.0  1.0  1.0  2.0  0.91274 
 3.0  1.0  2.0  2.0  0.23321 
 3.0  2.0  1.0  2.0  0.23321 
 3.0  2.0  2.0  2.0  0.32403 
 3.0  1.0  1.0  2.0  1.29522 
 3.0  1.0  2.0  2.0  0.35275 
 3.0  2.0  1.0  2.0  0.01222 
 3.0  2.0  2.0  2.0  1.35708 
 4.0  1.0  1.0  2.0  0.32128 
 4.0  1.0  2.0  2.0  0.01436 
 4.0  2.0  1.0  2.0  0.01436 
 4.0  2.0  2.0  2.0  0.20701 
