# J_i  n_i  J_f  n_f     BM1(mu_N^2)
 0.0  1.0  1.0  1.0  0.03007 
 0.0  1.0  2.0  1.0  3.59102 
 0.0  2.0  1.0  1.0  0.00173 
 0.0  2.0  2.0  1.0  0.16297 
 1.0  1.0  1.0  1.0  0.34138 
 1.0  1.0  2.0  1.0  0.0163 
 1.0  2.0  1.0  1.0  0.0163 
 1.0  2.0  2.0  1.0  1.58995 
 1.0  1.0  1.0  1.0  0.01483 
 1.0  1.0  2.0  1.0  0.02964 
 1.0  2.0  1.0  1.0  0.08491 
 1.0  2.0  2.0  1.0  0.02499 
 2.0  1.0  1.0  1.0  0.16965 
 2.0  1.0  2.0  1.0  0.00565 
 2.0  2.0  1.0  1.0  0.00565 
 2.0  2.0  2.0  1.0  0.25223 
 2.0  1.0  1.0  1.0  0.33644 
 2.0  1.0  2.0  1.0  0.02542 
 2.0  2.0  1.0  1.0  0.01222 
 2.0  2.0  2.0  1.0  0.02975 
 3.0  1.0  1.0  1.0  1.90843 
 3.0  1.0  2.0  1.0  0.12091 
 3.0  2.0  1.0  1.0  0.12091 
 3.0  2.0  2.0  1.0  0.44051 
 3.0  1.0  1.0  1.0  0.00408 
 3.0  1.0  2.0  1.0  0.0003 
 3.0  2.0  1.0  1.0  0.04713 
 3.0  2.0  2.0  1.0  0.34012 
 4.0  1.0  1.0  1.0  1.57754 
 4.0  1.0  2.0  1.0  0.05066 
 4.0  2.0  1.0  1.0  0.05066 
 4.0  2.0  2.0  1.0  0.20011 
