      1      1      1      1           6           0   1.0640613833305488     
      1      1      1      1           4           0  -3.8410813474479042     
      1      1      1      1           2           0   3.0009432617601228     
      1      1      1      1           0           0  -7.1522970000000017     
      1      1      1      2           6           0  -1.2354145793937523     
      1      1      1      2           4           0   1.9842863729278108     
      1      1      1      2           2           0  -1.6296234945547550     
      1      1      1      3           4           0   1.1974010857466835     
      1      1      1      3           2           0   4.2372675826102046E-002
      1      1      2      1           6           0  -1.2354145793937523     
      1      1      2      1           4           0   1.9842863729278108     
      1      1      2      1           2           0  -1.6296234945547550     
      1      1      2      2           8           0  -5.2838936520112361     
      1      1      2      2           6           0   1.8118604506584337     
      1      1      2      2           4           0  -2.2365734029651057     
      1      1      2      2           2           0  0.34475066269451204     
      1      1      2      3           4           0 -0.54254431890823351     
      1      1      2      3           2           0  -8.1144775803004832E-003
      1      1      3      1           4           0   1.1974010857466835     
      1      1      3      1           2           0   4.2372675826102046E-002
      1      1      3      2           4           0 -0.54254431890823351     
      1      1      3      2           2           0  -8.1144775803004832E-003
      1      1      3      3           4           0 -0.98614063980510391     
      1      1      3      3           2           0 -0.41305152958532981     
      1      2      1      1           6           0   1.2354145793937521     
      1      2      1      1           4           0  -1.9842863729278113     
      1      2      1      1           2           0   1.6296234945547554     
      1      2      1      2           6           0   2.2203997312340684     
      1      2      1      2           4           0  -5.2097022538002591     
      1      2      1      2           2           0   1.5253474811032872     
      1      2      1      2           0           0  -9.9240148163999677     
      1      2      1      3           6           0  -1.0477743744762955     
      1      2      1      3           4           0  -1.3860078322782159     
      1      2      2      1           8           0   7.7607833571428584     
      1      2      2      1           6           0  -2.5617933445425538     
      1      2      2      1           4           0   2.6023624894793591     
      1      2      2      1           2           0  -3.5738214912346571     
      1      2      2      2           8           0   4.7315771853361204     
      1      2      2      2           6           0  -1.4763399588823924     
      1      2      2      2           4           0   4.4707096557417803     
      1      2      2      2           2           0   1.4816707043432724     
      1      2      2      3           6           0 -0.45405223307682918     
      1      2      2      3           4           0   2.4160484031695115     
      1      2      3      1           4           0  0.98033146618921374     
      1      2      3      1           2           0  0.98847270676587584     
      1      2      3      2           4           0   1.4364918357072949     
      1      2      3      2           2           0 -0.13815572468517634     
      1      2      3      3           4           0   2.5200117772227775     
      1      3      1      1           4           0  -1.1974010857466835     
      1      3      1      1           2           0  -4.2372675826101824E-002
      1      3      1      2           6           0  -1.0477743744762948     
      1      3      1      2           4           0  -1.3860078322782161     
      1      3      1      3           2           0 -0.95865414488620426     
      1      3      1      3           0           0  -3.8411829334209662     
      1      3      2      1           4           0  0.98033146618921341     
      1      3      2      1           2           0  0.98847270676587562     
      1      3      2      2           6           0 -0.79567932863477453     
      1      3      2      2           4           0   1.1839574317615120     
      1      3      2      3           2           0   1.0212446683098275     
      1      3      3      1           4           0   4.3312200690915308     
      1      3      3      1           2           0 -0.69890068738752098     
      1      3      3      2           4           0   4.6906299833190044     
      1      3      3      3           2           0  -1.1463771213058553     
      2      1      1      1           6           0   1.2354145793937521     
      2      1      1      1           4           0  -1.9842863729278108     
      2      1      1      1           2           0   1.6296234945547554     
      2      1      1      2           8           0   7.7607833571428584     
      2      1      1      2           6           0  -2.5617933445425534     
      2      1      1      2           4           0   2.6023624894793591     
      2      1      1      2           2           0  -3.5738214912346575     
      2      1      1      3           4           0  0.98033146618921374     
      2      1      1      3           2           0  0.98847270676587595     
      2      1      2      1           6           0   2.2203997312340684     
      2      1      2      1           4           0  -5.2097022538002591     
      2      1      2      1           2           0   1.5253474811032885     
      2      1      2      1           0           0  -9.9240148163999642     
      2      1      2      2           8           0   4.7315771853361204     
      2      1      2      2           6           0  -1.4763399588823920     
      2      1      2      2           4           0   4.4707096557417803     
      2      1      2      2           2           0   1.4816707043432724     
      2      1      2      3           4           0   1.4364918357072951     
      2      1      2      3           2           0 -0.13815572468517634     
      2      1      3      1           6           0  -1.0477743744762955     
      2      1      3      1           4           0  -1.3860078322782159     
      2      1      3      2           6           0 -0.45405223307682918     
      2      1      3      2           4           0   2.4160484031695115     
      2      1      3      3           4           0   2.5200117772227775     
      2      2      1      1           8           0  -5.2838936520112343     
      2      2      1      1           6           0   1.8118604506584344     
      2      2      1      1           4           0  -2.2365734029651065     
      2      2      1      1           2           0  0.34475066269451204     
      2      2      1      2           8           0  -4.7315771853361195     
      2      2      1      2           6           0   1.4763399588823916     
      2      2      1      2           4           0  -4.4707096557417811     
      2      2      1      2           2           0  -1.4816707043432711     
      2      2      1      3           6           0  0.79567932863477420     
      2      2      1      3           4           0  -1.1839574317615118     
      2      2      2      1           8           0  -4.7315771853361195     
      2      2      2      1           6           0   1.4763399588823916     
      2      2      2      1           4           0  -4.4707096557417811     
      2      2      2      1           2           0  -1.4816707043432709     
      2      2      2      2          10           0   3.1286853511438714E-002
      2      2      2      2           8           0  -2.8284974047619045     
      2      2      2      2           6           0   3.3251342074735604     
      2      2      2      2           4           0  -6.4426294716178001     
      2      2      2      2           2           0   6.1775867141919028     
      2      2      2      2           0           0  -12.333921333333331     
      2      2      2      3           6           0 -0.14004521057856878     
      2      2      2      3           4           0  -2.7546856181160688     
      2      2      3      1           6           0  0.79567932863477420     
      2      2      3      1           4           0  -1.1839574317615118     
      2      2      3      2           6           0 -0.14004521057856878     
      2      2      3      2           4           0  -2.7546856181160688     
      2      2      3      3           6           0 -0.60442156992516183     
      2      2      3      3           4           0  -1.7436936336860338     
      2      3      1      1           4           0 -0.54254431890823362     
      2      3      1      1           2           0  -8.1144775803005109E-003
      2      3      1      2           6           0  0.45405223307682907     
      2      3      1      2           4           0  -2.4160484031695115     
      2      3      1      3           2           0  -1.0212446683098275     
      2      3      2      1           4           0  -1.4364918357072953     
      2      3      2      1           2           0  0.13815572468517612     
      2      3      2      2           6           0 -0.14004521057856945     
      2      3      2      2           4           0  -2.7546856181160688     
      2      3      2      3           2           0   1.9478437250138239     
      2      3      2      3           0           0  -4.5176242612553033     
      2      3      3      1           4           0  -4.6906299833190053     
      2      3      3      2           6           0  0.39047078197143259     
      2      3      3      2           4           0  -6.5758769700318975     
      3      1      1      1           4           0  -1.1974010857466835     
      3      1      1      1           2           0  -4.2372675826101824E-002
      3      1      1      2           4           0  0.98033146618921341     
      3      1      1      2           2           0  0.98847270676587562     
      3      1      1      3           4           0   4.3312200690915308     
      3      1      1      3           2           0 -0.69890068738752098     
      3      1      2      1           6           0  -1.0477743744762948     
      3      1      2      1           4           0  -1.3860078322782161     
      3      1      2      2           6           0 -0.79567932863477453     
      3      1      2      2           4           0   1.1839574317615120     
      3      1      2      3           4           0   4.6906299833190044     
      3      1      3      1           2           0 -0.95865414488620426     
      3      1      3      1           0           0  -3.8411829334209662     
      3      1      3      2           2           0   1.0212446683098275     
      3      1      3      3           2           0  -1.1463771213058553     
      3      2      1      1           4           0 -0.54254431890823362     
      3      2      1      1           2           0  -8.1144775803005109E-003
      3      2      1      2           4           0  -1.4364918357072953     
      3      2      1      2           2           0  0.13815572468517612     
      3      2      1      3           4           0  -4.6906299833190053     
      3      2      2      1           6           0  0.45405223307682907     
      3      2      2      1           4           0  -2.4160484031695120     
      3      2      2      2           6           0 -0.14004521057856945     
      3      2      2      2           4           0  -2.7546856181160688     
      3      2      2      3           6           0  0.39047078197143259     
      3      2      2      3           4           0  -6.5758769700318975     
      3      2      3      1           2           0  -1.0212446683098275     
      3      2      3      2           2           0   1.9478437250138243     
      3      2      3      2           0           0  -4.5176242612553033     
      3      3      1      1           4           0 -0.98614063980510369     
      3      3      1      1           2           0 -0.41305152958532987     
      3      3      1      2           4           0  -2.5200117772227770     
      3      3      1      3           2           0   1.1463771213058553     
      3      3      2      1           4           0  -2.5200117772227770     
      3      3      2      2           6           0 -0.60442156992516161     
      3      3      2      2           4           0  -1.7436936336860334     
      3      3      3      1           2           0   1.1463771213058553     
      3      3      3      3           2           0   1.7778644174544780     
      3      3      3      3           0           0  -6.5204535000000012     
      1      1      1      1           6           0   1.0640613833305488     
      1      1      1      1           4           0  -3.8410813474479042     
      1      1      1      1           2           0   3.0009432617601228     
      1      1      1      1           0           0  -7.1522970000000017     
      1      1      1      2           6           0  -1.2354145793937523     
      1      1      1      2           4           0   1.9842863729278108     
      1      1      1      2           2           0  -1.6296234945547550     
      1      1      1      3           4           0   1.1974010857466835     
      1      1      1      3           2           0   4.2372675826102046E-002
      1      1      2      1           6           0  -1.2354145793937523     
      1      1      2      1           4           0   1.9842863729278108     
      1      1      2      1           2           0  -1.6296234945547550     
      1      1      2      2           8           0  -5.2838936520112361     
      1      1      2      2           6           0   1.8118604506584337     
      1      1      2      2           4           0  -2.2365734029651057     
      1      1      2      2           2           0  0.34475066269451204     
      1      1      2      3           4           0 -0.54254431890823351     
      1      1      2      3           2           0  -8.1144775803004832E-003
      1      1      3      1           4           0   1.1974010857466835     
      1      1      3      1           2           0   4.2372675826102046E-002
      1      1      3      2           4           0 -0.54254431890823351     
      1      1      3      2           2           0  -8.1144775803004832E-003
      1      1      3      3           4           0 -0.98614063980510391     
      1      1      3      3           2           0 -0.41305152958532981     
      1      2      1      1           6           0   1.2354145793937521     
      1      2      1      1           4           0  -1.9842863729278113     
      1      2      1      1           2           0   1.6296234945547554     
      1      2      1      2           6           0   2.2203997312340684     
      1      2      1      2           4           0  -5.2097022538002591     
      1      2      1      2           2           0   1.5253474811032872     
      1      2      1      2           0           0  -9.9240148163999677     
      1      2      1      3           6           0  -1.0477743744762955     
      1      2      1      3           4           0  -1.3860078322782159     
      1      2      2      1           8           0   7.7607833571428584     
      1      2      2      1           6           0  -2.5617933445425538     
      1      2      2      1           4           0   2.6023624894793591     
      1      2      2      1           2           0  -3.5738214912346571     
      1      2      2      2           8           0   4.7315771853361204     
      1      2      2      2           6           0  -1.4763399588823924     
      1      2      2      2           4           0   4.4707096557417803     
      1      2      2      2           2           0   1.4816707043432724     
      1      2      2      3           6           0 -0.45405223307682918     
      1      2      2      3           4           0   2.4160484031695115     
      1      2      3      1           4           0  0.98033146618921374     
      1      2      3      1           2           0  0.98847270676587584     
      1      2      3      2           4           0   1.4364918357072949     
      1      2      3      2           2           0 -0.13815572468517634     
      1      2      3      3           4           0   2.5200117772227775     
      1      3      1      1           4           0  -1.1974010857466835     
      1      3      1      1           2           0  -4.2372675826101824E-002
      1      3      1      2           6           0  -1.0477743744762948     
      1      3      1      2           4           0  -1.3860078322782161     
      1      3      1      3           2           0 -0.95865414488620426     
      1      3      1      3           0           0  -3.8411829334209662     
      1      3      2      1           4           0  0.98033146618921341     
      1      3      2      1           2           0  0.98847270676587562     
      1      3      2      2           6           0 -0.79567932863477453     
      1      3      2      2           4           0   1.1839574317615120     
      1      3      2      3           2           0   1.0212446683098275     
      1      3      3      1           4           0   4.3312200690915308     
      1      3      3      1           2           0 -0.69890068738752098     
      1      3      3      2           4           0   4.6906299833190044     
      1      3      3      3           2           0  -1.1463771213058553     
      2      1      1      1           6           0   1.2354145793937521     
      2      1      1      1           4           0  -1.9842863729278108     
      2      1      1      1           2           0   1.6296234945547554     
      2      1      1      2           8           0   7.7607833571428584     
      2      1      1      2           6           0  -2.5617933445425534     
      2      1      1      2           4           0   2.6023624894793591     
      2      1      1      2           2           0  -3.5738214912346575     
      2      1      1      3           4           0  0.98033146618921374     
      2      1      1      3           2           0  0.98847270676587595     
      2      1      2      1           6           0   2.2203997312340684     
      2      1      2      1           4           0  -5.2097022538002591     
      2      1      2      1           2           0   1.5253474811032885     
      2      1      2      1           0           0  -9.9240148163999642     
      2      1      2      2           8           0   4.7315771853361204     
      2      1      2      2           6           0  -1.4763399588823920     
      2      1      2      2           4           0   4.4707096557417803     
      2      1      2      2           2           0   1.4816707043432724     
      2      1      2      3           4           0   1.4364918357072951     
      2      1      2      3           2           0 -0.13815572468517634     
      2      1      3      1           6           0  -1.0477743744762955     
      2      1      3      1           4           0  -1.3860078322782159     
      2      1      3      2           6           0 -0.45405223307682918     
      2      1      3      2           4           0   2.4160484031695115     
      2      1      3      3           4           0   2.5200117772227775     
      2      2      1      1           8           0  -5.2838936520112343     
      2      2      1      1           6           0   1.8118604506584344     
      2      2      1      1           4           0  -2.2365734029651065     
      2      2      1      1           2           0  0.34475066269451204     
      2      2      1      2           8           0  -4.7315771853361195     
      2      2      1      2           6           0   1.4763399588823916     
      2      2      1      2           4           0  -4.4707096557417811     
      2      2      1      2           2           0  -1.4816707043432711     
      2      2      1      3           6           0  0.79567932863477420     
      2      2      1      3           4           0  -1.1839574317615118     
      2      2      2      1           8           0  -4.7315771853361195     
      2      2      2      1           6           0   1.4763399588823916     
      2      2      2      1           4           0  -4.4707096557417811     
      2      2      2      1           2           0  -1.4816707043432709     
      2      2      2      2          10           0   3.1286853511438714E-002
      2      2      2      2           8           0  -2.8284974047619045     
      2      2      2      2           6           0   3.3251342074735604     
      2      2      2      2           4           0  -6.4426294716178001     
      2      2      2      2           2           0   6.1775867141919028     
      2      2      2      2           0           0  -12.333921333333331     
      2      2      2      3           6           0 -0.14004521057856878     
      2      2      2      3           4           0  -2.7546856181160688     
      2      2      3      1           6           0  0.79567932863477420     
      2      2      3      1           4           0  -1.1839574317615118     
      2      2      3      2           6           0 -0.14004521057856878     
      2      2      3      2           4           0  -2.7546856181160688     
      2      2      3      3           6           0 -0.60442156992516183     
      2      2      3      3           4           0  -1.7436936336860338     
      2      3      1      1           4           0 -0.54254431890823362     
      2      3      1      1           2           0  -8.1144775803005109E-003
      2      3      1      2           6           0  0.45405223307682907     
      2      3      1      2           4           0  -2.4160484031695115     
      2      3      1      3           2           0  -1.0212446683098275     
      2      3      2      1           4           0  -1.4364918357072953     
      2      3      2      1           2           0  0.13815572468517612     
      2      3      2      2           6           0 -0.14004521057856945     
      2      3      2      2           4           0  -2.7546856181160688     
      2      3      2      3           2           0   1.9478437250138239     
      2      3      2      3           0           0  -4.5176242612553033     
      2      3      3      1           4           0  -4.6906299833190053     
      2      3      3      2           6           0  0.39047078197143259     
      2      3      3      2           4           0  -6.5758769700318975     
      3      1      1      1           4           0  -1.1974010857466835     
      3      1      1      1           2           0  -4.2372675826101824E-002
      3      1      1      2           4           0  0.98033146618921341     
      3      1      1      2           2           0  0.98847270676587562     
      3      1      1      3           4           0   4.3312200690915308     
      3      1      1      3           2           0 -0.69890068738752098     
      3      1      2      1           6           0  -1.0477743744762948     
      3      1      2      1           4           0  -1.3860078322782161     
      3      1      2      2           6           0 -0.79567932863477453     
      3      1      2      2           4           0   1.1839574317615120     
      3      1      2      3           4           0   4.6906299833190044     
      3      1      3      1           2           0 -0.95865414488620426     
      3      1      3      1           0           0  -3.8411829334209662     
      3      1      3      2           2           0   1.0212446683098275     
      3      1      3      3           2           0  -1.1463771213058553     
      3      2      1      1           4           0 -0.54254431890823362     
      3      2      1      1           2           0  -8.1144775803005109E-003
      3      2      1      2           4           0  -1.4364918357072953     
      3      2      1      2           2           0  0.13815572468517612     
      3      2      1      3           4           0  -4.6906299833190053     
      3      2      2      1           6           0  0.45405223307682907     
      3      2      2      1           4           0  -2.4160484031695120     
      3      2      2      2           6           0 -0.14004521057856945     
      3      2      2      2           4           0  -2.7546856181160688     
      3      2      2      3           6           0  0.39047078197143259     
      3      2      2      3           4           0  -6.5758769700318975     
      3      2      3      1           2           0  -1.0212446683098275     
      3      2      3      2           2           0   1.9478437250138243     
      3      2      3      2           0           0  -4.5176242612553033     
      3      3      1      1           4           0 -0.98614063980510369     
      3      3      1      1           2           0 -0.41305152958532987     
      3      3      1      2           4           0  -2.5200117772227770     
      3      3      1      3           2           0   1.1463771213058553     
      3      3      2      1           4           0  -2.5200117772227770     
      3      3      2      2           6           0 -0.60442156992516161     
      3      3      2      2           4           0  -1.7436936336860334     
      3      3      3      1           2           0   1.1463771213058553     
      3      3      3      3           2           0   1.7778644174544780     
      3      3      3      3           0           0  -6.5204535000000012     
         336          10
   1   1   4   4   0   0   0   0 -7.1523   1   1
   1   1   4   4   2   0   0   0  3.0009   1   1
   1   1   4   4   4   0   0   0 -3.8411   1   1
   1   1   4   4   6   0   0   0  1.0641   1   1
   1   1   4   5   2   0   0   0 -1.6296   1   1
   1   1   4   5   4   0   0   0  1.9843   1   1
   1   1   4   5   6   0   0   0 -1.2354   1   1
   1   1   4   6   2   0   0   0  0.0424   1   1
   1   1   4   6   4   0   0   0  1.1974   1   1
   1   1   5   4   2   0   0   0  1.6296   1   1
   1   1   5   4   4   0   0   0 -1.9843   1   1
   1   1   5   4   6   0   0   0  1.2354   1   1
   1   1   5   5   0   0   0   0 -9.9240   1   1
   1   1   5   5   2   0   0   0  1.5253   1   1
   1   1   5   5   4   0   0   0 -5.2097   1   1
   1   1   5   5   6   0   0   0  2.2204   1   1
   1   1   5   6   4   0   0   0 -1.3860   1   1
   1   1   5   6   6   0   0   0 -1.0478   1   1
   1   1   6   4   2   0   0   0 -0.0424   1   1
   1   1   6   4   4   0   0   0 -1.1974   1   1
   1   1   6   5   4   0   0   0 -1.3860   1   1
   1   1   6   5   6   0   0   0 -1.0478   1   1
   1   1   6   6   0   0   0   0 -3.8412   1   1
   1   1   6   6   2   0   0   0 -0.9587   1   1
   1   2   4   4   2   0   0   0 -1.6296   1   1
   1   2   4   4   4   0   0   0  1.9843   1   1
   1   2   4   4   6   0   0   0 -1.2354   1   1
   1   2   4   5   2   0   0   0  0.3448   1   1
   1   2   4   5   4   0   0   0 -2.2366   1   1
   1   2   4   5   6   0   0   0  1.8119   1   1
   1   2   4   5   8   0   0   0 -5.2839   1   1
   1   2   4   6   2   0   0   0 -0.0081   1   1
   1   2   4   6   4   0   0   0 -0.5425   1   1
   1   2   5   4   2   0   0   0 -3.5738   1   1
   1   2   5   4   4   0   0   0  2.6024   1   1
   1   2   5   4   6   0   0   0 -2.5618   1   1
   1   2   5   4   8   0   0   0  7.7608   1   1
   1   2   5   5   2   0   0   0  1.4817   1   1
   1   2   5   5   4   0   0   0  4.4707   1   1
   1   2   5   5   6   0   0   0 -1.4763   1   1
   1   2   5   5   8   0   0   0  4.7316   1   1
   1   2   5   6   4   0   0   0  2.4160   1   1
   1   2   5   6   6   0   0   0 -0.4541   1   1
   1   2   6   4   2   0   0   0  0.9885   1   1
   1   2   6   4   4   0   0   0  0.9803   1   1
   1   2   6   5   4   0   0   0  1.1840   1   1
   1   2   6   5   6   0   0   0 -0.7957   1   1
   1   2   6   6   2   0   0   0  1.0212   1   1
   1   3   4   4   2   0   0   0  0.0424   1   1
   1   3   4   4   4   0   0   0  1.1974   1   1
   1   3   4   5   2   0   0   0 -0.0081   1   1
   1   3   4   5   4   0   0   0 -0.5425   1   1
   1   3   4   6   2   0   0   0 -0.4131   1   1
   1   3   4   6   4   0   0   0 -0.9861   1   1
   1   3   5   4   2   0   0   0  0.9885   1   1
   1   3   5   4   4   0   0   0  0.9803   1   1
   1   3   5   5   2   0   0   0 -0.1382   1   1
   1   3   5   5   4   0   0   0  1.4365   1   1
   1   3   5   6   4   0   0   0  2.5200   1   1
   1   3   6   4   2   0   0   0 -0.6989   1   1
   1   3   6   4   4   0   0   0  4.3312   1   1
   1   3   6   5   4   0   0   0  4.6906   1   1
   1   3   6   6   2   0   0   0 -1.1464   1   1
   2   1   4   4   2   0   0   0  1.6296   1   1
   2   1   4   4   4   0   0   0 -1.9843   1   1
   2   1   4   4   6   0   0   0  1.2354   1   1
   2   1   4   5   2   0   0   0 -3.5738   1   1
   2   1   4   5   4   0   0   0  2.6024   1   1
   2   1   4   5   6   0   0   0 -2.5618   1   1
   2   1   4   5   8   0   0   0  7.7608   1   1
   2   1   4   6   2   0   0   0  0.9885   1   1
   2   1   4   6   4   0   0   0  0.9803   1   1
   2   1   5   4   2   0   0   0  0.3448   1   1
   2   1   5   4   4   0   0   0 -2.2366   1   1
   2   1   5   4   6   0   0   0  1.8119   1   1
   2   1   5   4   8   0   0   0 -5.2839   1   1
   2   1   5   5   2   0   0   0 -1.4817   1   1
   2   1   5   5   4   0   0   0 -4.4707   1   1
   2   1   5   5   6   0   0   0  1.4763   1   1
   2   1   5   5   8   0   0   0 -4.7316   1   1
   2   1   5   6   4   0   0   0 -1.1840   1   1
   2   1   5   6   6   0   0   0  0.7957   1   1
   2   1   6   4   2   0   0   0 -0.0081   1   1
   2   1   6   4   4   0   0   0 -0.5425   1   1
   2   1   6   5   4   0   0   0 -2.4160   1   1
   2   1   6   5   6   0   0   0  0.4541   1   1
   2   1   6   6   2   0   0   0 -1.0212   1   1
   2   2   4   4   0   0   0   0 -9.9240   1   1
   2   2   4   4   2   0   0   0  1.5253   1   1
   2   2   4   4   4   0   0   0 -5.2097   1   1
   2   2   4   4   6   0   0   0  2.2204   1   1
   2   2   4   5   2   0   0   0  1.4817   1   1
   2   2   4   5   4   0   0   0  4.4707   1   1
   2   2   4   5   6   0   0   0 -1.4763   1   1
   2   2   4   5   8   0   0   0  4.7316   1   1
   2   2   4   6   2   0   0   0 -0.1382   1   1
   2   2   4   6   4   0   0   0  1.4365   1   1
   2   2   5   4   2   0   0   0 -1.4817   1   1
   2   2   5   4   4   0   0   0 -4.4707   1   1
   2   2   5   4   6   0   0   0  1.4763   1   1
   2   2   5   4   8   0   0   0 -4.7316   1   1
   2   2   5   5   0   0   0   0-12.3339   1   1
   2   2   5   5   2   0   0   0  6.1776   1   1
   2   2   5   5   4   0   0   0 -6.4426   1   1
   2   2   5   5   6   0   0   0  3.3251   1   1
   2   2   5   5   8   0   0   0 -2.8285   1   1
   2   2   5   5  10   0   0   0  0.0313   1   1
   2   2   5   6   4   0   0   0 -2.7547   1   1
   2   2   5   6   6   0   0   0 -0.1400   1   1
   2   2   6   4   2   0   0   0  0.1382   1   1
   2   2   6   4   4   0   0   0 -1.4365   1   1
   2   2   6   5   4   0   0   0 -2.7547   1   1
   2   2   6   5   6   0   0   0 -0.1400   1   1
   2   2   6   6   0   0   0   0 -4.5176   1   1
   2   2   6   6   2   0   0   0  1.9478   1   1
   2   3   4   4   4   0   0   0 -1.3860   1   1
   2   3   4   4   6   0   0   0 -1.0478   1   1
   2   3   4   5   4   0   0   0  2.4160   1   1
   2   3   4   5   6   0   0   0 -0.4541   1   1
   2   3   4   6   4   0   0   0  2.5200   1   1
   2   3   5   4   4   0   0   0 -1.1840   1   1
   2   3   5   4   6   0   0   0  0.7957   1   1
   2   3   5   5   4   0   0   0 -2.7547   1   1
   2   3   5   5   6   0   0   0 -0.1400   1   1
   2   3   5   6   4   0   0   0 -1.7437   1   1
   2   3   5   6   6   0   0   0 -0.6044   1   1
   2   3   6   4   4   0   0   0 -4.6906   1   1
   2   3   6   5   4   0   0   0 -6.5759   1   1
   2   3   6   5   6   0   0   0  0.3905   1   1
   3   1   4   4   2   0   0   0 -0.0424   1   1
   3   1   4   4   4   0   0   0 -1.1974   1   1
   3   1   4   5   2   0   0   0  0.9885   1   1
   3   1   4   5   4   0   0   0  0.9803   1   1
   3   1   4   6   2   0   0   0 -0.6989   1   1
   3   1   4   6   4   0   0   0  4.3312   1   1
   3   1   5   4   2   0   0   0 -0.0081   1   1
   3   1   5   4   4   0   0   0 -0.5425   1   1
   3   1   5   5   2   0   0   0  0.1382   1   1
   3   1   5   5   4   0   0   0 -1.4365   1   1
   3   1   5   6   4   0   0   0 -4.6906   1   1
   3   1   6   4   2   0   0   0 -0.4131   1   1
   3   1   6   4   4   0   0   0 -0.9861   1   1
   3   1   6   5   4   0   0   0 -2.5200   1   1
   3   1   6   6   2   0   0   0  1.1464   1   1
   3   2   4   4   4   0   0   0 -1.3860   1   1
   3   2   4   4   6   0   0   0 -1.0478   1   1
   3   2   4   5   4   0   0   0  1.1840   1   1
   3   2   4   5   6   0   0   0 -0.7957   1   1
   3   2   4   6   4   0   0   0  4.6906   1   1
   3   2   5   4   4   0   0   0 -2.4160   1   1
   3   2   5   4   6   0   0   0  0.4541   1   1
   3   2   5   5   4   0   0   0 -2.7547   1   1
   3   2   5   5   6   0   0   0 -0.1400   1   1
   3   2   5   6   4   0   0   0 -6.5759   1   1
   3   2   5   6   6   0   0   0  0.3905   1   1
   3   2   6   4   4   0   0   0 -2.5200   1   1
   3   2   6   5   4   0   0   0 -1.7437   1   1
   3   2   6   5   6   0   0   0 -0.6044   1   1
   3   3   4   4   0   0   0   0 -3.8412   1   1
   3   3   4   4   2   0   0   0 -0.9587   1   1
   3   3   4   5   2   0   0   0  1.0212   1   1
   3   3   4   6   2   0   0   0 -1.1464   1   1
   3   3   5   4   2   0   0   0 -1.0212   1   1
   3   3   5   5   0   0   0   0 -4.5176   1   1
   3   3   5   5   2   0   0   0  1.9478   1   1
   3   3   6   4   2   0   0   0  1.1464   1   1
   3   3   6   6   0   0   0   0 -6.5205   1   1
   3   3   6   6   2   0   0   0  1.7779   1   1
   4   4   1   1   0   0   0   0 -7.1523   1   1
   4   4   1   1   2   0   0   0  3.0009   1   1
   4   4   1   1   4   0   0   0 -3.8411   1   1
   4   4   1   1   6   0   0   0  1.0641   1   1
   4   4   1   2   2   0   0   0 -1.6296   1   1
   4   4   1   2   4   0   0   0  1.9843   1   1
   4   4   1   2   6   0   0   0 -1.2354   1   1
   4   4   1   3   2   0   0   0  0.0424   1   1
   4   4   1   3   4   0   0   0  1.1974   1   1
   4   4   2   1   2   0   0   0  1.6296   1   1
   4   4   2   1   4   0   0   0 -1.9843   1   1
   4   4   2   1   6   0   0   0  1.2354   1   1
   4   4   2   2   0   0   0   0 -9.9240   1   1
   4   4   2   2   2   0   0   0  1.5253   1   1
   4   4   2   2   4   0   0   0 -5.2097   1   1
   4   4   2   2   6   0   0   0  2.2204   1   1
   4   4   2   3   4   0   0   0 -1.3860   1   1
   4   4   2   3   6   0   0   0 -1.0478   1   1
   4   4   3   1   2   0   0   0 -0.0424   1   1
   4   4   3   1   4   0   0   0 -1.1974   1   1
   4   4   3   2   4   0   0   0 -1.3860   1   1
   4   4   3   2   6   0   0   0 -1.0478   1   1
   4   4   3   3   0   0   0   0 -3.8412   1   1
   4   4   3   3   2   0   0   0 -0.9587   1   1
   4   5   1   1   2   0   0   0 -1.6296   1   1
   4   5   1   1   4   0   0   0  1.9843   1   1
   4   5   1   1   6   0   0   0 -1.2354   1   1
   4   5   1   2   2   0   0   0  0.3448   1   1
   4   5   1   2   4   0   0   0 -2.2366   1   1
   4   5   1   2   6   0   0   0  1.8119   1   1
   4   5   1   2   8   0   0   0 -5.2839   1   1
   4   5   1   3   2   0   0   0 -0.0081   1   1
   4   5   1   3   4   0   0   0 -0.5425   1   1
   4   5   2   1   2   0   0   0 -3.5738   1   1
   4   5   2   1   4   0   0   0  2.6024   1   1
   4   5   2   1   6   0   0   0 -2.5618   1   1
   4   5   2   1   8   0   0   0  7.7608   1   1
   4   5   2   2   2   0   0   0  1.4817   1   1
   4   5   2   2   4   0   0   0  4.4707   1   1
   4   5   2   2   6   0   0   0 -1.4763   1   1
   4   5   2   2   8   0   0   0  4.7316   1   1
   4   5   2   3   4   0   0   0  2.4160   1   1
   4   5   2   3   6   0   0   0 -0.4541   1   1
   4   5   3   1   2   0   0   0  0.9885   1   1
   4   5   3   1   4   0   0   0  0.9803   1   1
   4   5   3   2   4   0   0   0  1.1840   1   1
   4   5   3   2   6   0   0   0 -0.7957   1   1
   4   5   3   3   2   0   0   0  1.0212   1   1
   4   6   1   1   2   0   0   0  0.0424   1   1
   4   6   1   1   4   0   0   0  1.1974   1   1
   4   6   1   2   2   0   0   0 -0.0081   1   1
   4   6   1   2   4   0   0   0 -0.5425   1   1
   4   6   1   3   2   0   0   0 -0.4131   1   1
   4   6   1   3   4   0   0   0 -0.9861   1   1
   4   6   2   1   2   0   0   0  0.9885   1   1
   4   6   2   1   4   0   0   0  0.9803   1   1
   4   6   2   2   2   0   0   0 -0.1382   1   1
   4   6   2   2   4   0   0   0  1.4365   1   1
   4   6   2   3   4   0   0   0  2.5200   1   1
   4   6   3   1   2   0   0   0 -0.6989   1   1
   4   6   3   1   4   0   0   0  4.3312   1   1
   4   6   3   2   4   0   0   0  4.6906   1   1
   4   6   3   3   2   0   0   0 -1.1464   1   1
   5   4   1   1   2   0   0   0  1.6296   1   1
   5   4   1   1   4   0   0   0 -1.9843   1   1
   5   4   1   1   6   0   0   0  1.2354   1   1
   5   4   1   2   2   0   0   0 -3.5738   1   1
   5   4   1   2   4   0   0   0  2.6024   1   1
   5   4   1   2   6   0   0   0 -2.5618   1   1
   5   4   1   2   8   0   0   0  7.7608   1   1
   5   4   1   3   2   0   0   0  0.9885   1   1
   5   4   1   3   4   0   0   0  0.9803   1   1
   5   4   2   1   2   0   0   0  0.3448   1   1
   5   4   2   1   4   0   0   0 -2.2366   1   1
   5   4   2   1   6   0   0   0  1.8119   1   1
   5   4   2   1   8   0   0   0 -5.2839   1   1
   5   4   2   2   2   0   0   0 -1.4817   1   1
   5   4   2   2   4   0   0   0 -4.4707   1   1
   5   4   2   2   6   0   0   0  1.4763   1   1
   5   4   2   2   8   0   0   0 -4.7316   1   1
   5   4   2   3   4   0   0   0 -1.1840   1   1
   5   4   2   3   6   0   0   0  0.7957   1   1
   5   4   3   1   2   0   0   0 -0.0081   1   1
   5   4   3   1   4   0   0   0 -0.5425   1   1
   5   4   3   2   4   0   0   0 -2.4160   1   1
   5   4   3   2   6   0   0   0  0.4541   1   1
   5   4   3   3   2   0   0   0 -1.0212   1   1
   5   5   1   1   0   0   0   0 -9.9240   1   1
   5   5   1   1   2   0   0   0  1.5253   1   1
   5   5   1   1   4   0   0   0 -5.2097   1   1
   5   5   1   1   6   0   0   0  2.2204   1   1
   5   5   1   2   2   0   0   0  1.4817   1   1
   5   5   1   2   4   0   0   0  4.4707   1   1
   5   5   1   2   6   0   0   0 -1.4763   1   1
   5   5   1   2   8   0   0   0  4.7316   1   1
   5   5   1   3   2   0   0   0 -0.1382   1   1
   5   5   1   3   4   0   0   0  1.4365   1   1
   5   5   2   1   2   0   0   0 -1.4817   1   1
   5   5   2   1   4   0   0   0 -4.4707   1   1
   5   5   2   1   6   0   0   0  1.4763   1   1
   5   5   2   1   8   0   0   0 -4.7316   1   1
   5   5   2   2   0   0   0   0-12.3339   1   1
   5   5   2   2   2   0   0   0  6.1776   1   1
   5   5   2   2   4   0   0   0 -6.4426   1   1
   5   5   2   2   6   0   0   0  3.3251   1   1
   5   5   2   2   8   0   0   0 -2.8285   1   1
   5   5   2   2  10   0   0   0  0.0313   1   1
   5   5   2   3   4   0   0   0 -2.7547   1   1
   5   5   2   3   6   0   0   0 -0.1400   1   1
   5   5   3   1   2   0   0   0  0.1382   1   1
   5   5   3   1   4   0   0   0 -1.4365   1   1
   5   5   3   2   4   0   0   0 -2.7547   1   1
   5   5   3   2   6   0   0   0 -0.1400   1   1
   5   5   3   3   0   0   0   0 -4.5176   1   1
   5   5   3   3   2   0   0   0  1.9478   1   1
   5   6   1   1   4   0   0   0 -1.3860   1   1
   5   6   1   1   6   0   0   0 -1.0478   1   1
   5   6   1   2   4   0   0   0  2.4160   1   1
   5   6   1   2   6   0   0   0 -0.4541   1   1
   5   6   1   3   4   0   0   0  2.5200   1   1
   5   6   2   1   4   0   0   0 -1.1840   1   1
   5   6   2   1   6   0   0   0  0.7957   1   1
   5   6   2   2   4   0   0   0 -2.7547   1   1
   5   6   2   2   6   0   0   0 -0.1400   1   1
   5   6   2   3   4   0   0   0 -1.7437   1   1
   5   6   2   3   6   0   0   0 -0.6044   1   1
   5   6   3   1   4   0   0   0 -4.6906   1   1
   5   6   3   2   4   0   0   0 -6.5759   1   1
   5   6   3   2   6   0   0   0  0.3905   1   1
   6   4   1   1   2   0   0   0 -0.0424   1   1
   6   4   1   1   4   0   0   0 -1.1974   1   1
   6   4   1   2   2   0   0   0  0.9885   1   1
   6   4   1   2   4   0   0   0  0.9803   1   1
   6   4   1   3   2   0   0   0 -0.6989   1   1
   6   4   1   3   4   0   0   0  4.3312   1   1
   6   4   2   1   2   0   0   0 -0.0081   1   1
   6   4   2   1   4   0   0   0 -0.5425   1   1
   6   4   2   2   2   0   0   0  0.1382   1   1
   6   4   2   2   4   0   0   0 -1.4365   1   1
   6   4   2   3   4   0   0   0 -4.6906   1   1
   6   4   3   1   2   0   0   0 -0.4131   1   1
   6   4   3   1   4   0   0   0 -0.9861   1   1
   6   4   3   2   4   0   0   0 -2.5200   1   1
   6   4   3   3   2   0   0   0  1.1464   1   1
   6   5   1   1   4   0   0   0 -1.3860   1   1
   6   5   1   1   6   0   0   0 -1.0478   1   1
   6   5   1   2   4   0   0   0  1.1840   1   1
   6   5   1   2   6   0   0   0 -0.7957   1   1
   6   5   1   3   4   0   0   0  4.6906   1   1
   6   5   2   1   4   0   0   0 -2.4160   1   1
   6   5   2   1   6   0   0   0  0.4541   1   1
   6   5   2   2   4   0   0   0 -2.7547   1   1
   6   5   2   2   6   0   0   0 -0.1400   1   1
   6   5   2   3   4   0   0   0 -6.5759   1   1
   6   5   2   3   6   0   0   0  0.3905   1   1
   6   5   3   1   4   0   0   0 -2.5200   1   1
   6   5   3   2   4   0   0   0 -1.7437   1   1
   6   5   3   2   6   0   0   0 -0.6044   1   1
   6   6   1   1   0   0   0   0 -3.8412   1   1
   6   6   1   1   2   0   0   0 -0.9587   1   1
   6   6   1   2   2   0   0   0  1.0212   1   1
   6   6   1   3   2   0   0   0 -1.1464   1   1
   6   6   2   1   2   0   0   0 -1.0212   1   1
   6   6   2   2   0   0   0   0 -4.5176   1   1
   6   6   2   2   2   0   0   0  1.9478   1   1
   6   6   3   1   2   0   0   0  1.1464   1   1
   6   6   3   3   0   0   0   0 -6.5205   1   1
   6   6   3   3   2   0   0   0  1.7779   1   1
