 ! Total Interaction
  63
   1   1   1   1     1     0  -1.6869
   1   1   1   2     1     0  -0.1955
   1   2   1   2     1     0  -6.1138
   1   1   2   2     1     0   1.6935
   1   2   2   2     1     0  -3.5592
   2   2   2   2     1     0  -1.4035
   1   3   2   2     1     0   0.0277
   1   1   1   3     1     0  -0.8640
   1   2   1   3     1     0  -1.6512
   1   3   1   3     1     0  -4.1160
   1   1   3   3     1     0   0.1601
   1   2   3   3     1     0  -2.0576
   2   2   3   3     1     0  -0.5436
   1   3   3   3     1     0  -0.9360
   3   3   3   3     1     0  -3.7735
   1   2   1   2     2     0  -4.2845
   1   2   1   3     2     0  -0.4506
   1   3   1   3     2     0  -1.8824
   1   2   2   3     2     0  -0.6576
   1   3   2   3     2     0  -2.5544
   2   3   2   3     2     0  -0.3209
   1   1   1   1     3     0  -3.0173
   1   1   1   2     3     0  -1.4547
   1   2   1   2     3     0  -1.2334
   1   1   2   2     3     0   1.1996
   1   2   2   2     3     0  -2.3502
   2   2   2   2     3     0  -1.6939
   1   1   2   3     3     0   0.0985
   1   2   2   3     3     0  -1.2743
   2   2   2   3     3     0  -1.2377
   2   3   2   3     3     0  -4.2546
   1   2   1   2     4     0  -4.6988
   2   2   2   2     5     0  -4.3952
   1   1   1   1     0     1  -1.9320
   1   1   2   2     0     1  -3.1562
   2   2   2   2     0     1  -2.6041
   1   1   3   3     0     1  -1.0326
   2   2   3   3     0     1  -1.5872
   3   3   3   3     0     1  -1.7206
   1   2   1   2     1     1   0.6669
   1   2   1   3     1     1  -0.0464
   1   3   1   3     1     1   0.5247
   1   1   1   1     2     1  -0.0991
   1   1   1   2     2     1   0.5119
   1   2   1   2     2     1  -0.1572
   1   1   2   2     2     1  -1.2398
   1   2   2   2     2     1   0.2174
   2   2   2   2     2     1  -1.0180
   1   3   2   2     2     1   0.9019
   1   1   1   3     2     1   0.3554
   1   2   1   3     2     1  -0.3777
   1   3   1   3     2     1  -0.3086
   1   1   2   3     2     1  -0.3228
   1   2   2   3     2     1   0.3201
   2   2   2   3     2     1  -0.9478
   1   3   2   3     2     1   1.6410
   2   3   2   3     2     1  -0.9568
   1   2   1   2     3     1   0.7806
   1   2   2   3     3     1  -0.5621
   2   3   2   3     3     1   0.6959
   1   2   1   2     4     1  -1.4697
   1   2   2   2     4     1   1.3580
   2   2   2   2     4     1  -0.2105
