! model space = sd            
! interaction = usdb          

( Ai  Tzi)  ( Af  Tzf) (type n,l,2j)     Ji    Jf    ni   nf    C^2S       Ei      Ef   C^2S*(Ef-Ei)  Exi      Exf
( 22  3.0)  ( 23  3.5)  ( n  2 0  1)   0.0+  0.5+     1    1   0.7823   -34.498  -37.079   -2.019    0.000    0.000
( 22  3.0)  ( 23  3.5)  ( n  2 0  1)   0.0+  0.5+     2    1   0.1505   -29.736  -37.079   -1.105    4.762    0.000
( 22  3.0)  ( 23  3.5)  ( n  2 0  1)   0.0+  0.5+     3    1   0.0038   -24.849  -37.079   -0.046    9.649    0.000
( 22  3.0)  ( 23  3.5)  ( n  2 0  1)   0.0+  0.5+     4    1   0.0001   -22.361  -37.079   -0.001   12.137    0.000
( 22  3.0)  ( 23  3.5)  ( n  2 0  1)   0.0+  0.5+     5    1   0.0014   -19.986  -37.079   -0.024   14.512    0.000
( 22  3.0)  ( 23  3.5)  ( n  2 0  1)   0.0+  0.5+     6    1   0.0000   -16.492  -37.079   -0.000   18.006    0.000
( 22  3.0)  ( 23  3.5)  ( n  2 0  1)   0.0+  0.5+     7    1   0.0008   -16.341  -37.079   -0.017   18.157    0.000
( 22  3.0)  ( 23  3.5)  ( n  2 0  1)   0.0+  0.5+     8    1   0.0000   -14.791  -37.079   -0.000   19.707    0.000
( 22  3.0)  ( 23  3.5)  ( n  2 0  1)   0.0+  0.5+     9    1   0.0000   -13.558  -37.079   -0.000   20.940    0.000
( 22  3.0)  ( 23  3.5)  ( n  2 0  1)   0.0+  0.5+    10    1   0.0000   -11.207  -37.079   -0.000   23.291    0.000
                                                          sum  0.9389                      -3.213

( Ai  Tzi)  ( Af  Tzf) (type n,l,2j)     Ji    Jf    ni   nf    C^2S       Ei      Ef   C^2S*(Ef-Ei)  Exi      Exf
( 22  3.0)  ( 23  3.5)  ( n  2 0  1)   1.0+  0.5+     1    1   0.0030   -24.340  -37.079   -0.038   10.158    0.000
( 22  3.0)  ( 23  3.5)  ( n  2 0  1)   1.0+  0.5+     2    1   0.0528   -23.900  -37.079   -0.696   10.598    0.000
( 22  3.0)  ( 23  3.5)  ( n  2 0  1)   1.0+  0.5+     3    1   0.0218   -23.345  -37.079   -0.299   11.153    0.000
( 22  3.0)  ( 23  3.5)  ( n  2 0  1)   1.0+  0.5+     4    1   0.0010   -21.741  -37.079   -0.015   12.757    0.000
( 22  3.0)  ( 23  3.5)  ( n  2 0  1)   1.0+  0.5+     5    1   0.0001   -19.890  -37.079   -0.002   14.608    0.000
( 22  3.0)  ( 23  3.5)  ( n  2 0  1)   1.0+  0.5+     6    1   0.0002   -18.360  -37.079   -0.004   16.138    0.000
( 22  3.0)  ( 23  3.5)  ( n  2 0  1)   1.0+  0.5+     7    1   0.0000   -17.881  -37.079   -0.000   16.617    0.000
( 22  3.0)  ( 23  3.5)  ( n  2 0  1)   1.0+  0.5+     8    1   0.0003   -17.261  -37.079   -0.006   17.237    0.000
( 22  3.0)  ( 23  3.5)  ( n  2 0  1)   1.0+  0.5+     9    1   0.0006   -15.029  -37.079   -0.013   19.469    0.000
( 22  3.0)  ( 23  3.5)  ( n  2 0  1)   1.0+  0.5+    10    1   0.0003   -14.893  -37.079   -0.007   19.605    0.000
                                                          sum  0.0801                      -4.293

( Ai  Tzi)  ( Af  Tzf) (type n,l,2j)     Ji    Jf    ni   nf    C^2S       Ei      Ef   C^2S*(Ef-Ei)  Exi      Exf
( 22  3.0)  ( 23  3.5)  ( n  1 2  3)   1.0+  0.5+     1    1   0.0071   -24.340  -37.079   -0.090   10.158    0.000
( 22  3.0)  ( 23  3.5)  ( n  1 2  3)   1.0+  0.5+     2    1   0.0033   -23.900  -37.079   -0.043   10.598    0.000
( 22  3.0)  ( 23  3.5)  ( n  1 2  3)   1.0+  0.5+     3    1   0.0105   -23.345  -37.079   -0.144   11.153    0.000
( 22  3.0)  ( 23  3.5)  ( n  1 2  3)   1.0+  0.5+     4    1   0.0142   -21.741  -37.079   -0.218   12.757    0.000
( 22  3.0)  ( 23  3.5)  ( n  1 2  3)   1.0+  0.5+     5    1   0.0002   -19.890  -37.079   -0.003   14.608    0.000
( 22  3.0)  ( 23  3.5)  ( n  1 2  3)   1.0+  0.5+     6    1   0.0023   -18.360  -37.079   -0.043   16.138    0.000
( 22  3.0)  ( 23  3.5)  ( n  1 2  3)   1.0+  0.5+     7    1   0.0000   -17.881  -37.079   -0.000   16.617    0.000
( 22  3.0)  ( 23  3.5)  ( n  1 2  3)   1.0+  0.5+     8    1   0.0001   -17.261  -37.079   -0.002   17.237    0.000
( 22  3.0)  ( 23  3.5)  ( n  1 2  3)   1.0+  0.5+     9    1   0.0000   -15.029  -37.079   -0.000   19.469    0.000
( 22  3.0)  ( 23  3.5)  ( n  1 2  3)   1.0+  0.5+    10    1   0.0004   -14.893  -37.079   -0.009   19.605    0.000
                                                          sum  0.0381                      -4.846

( Ai  Tzi)  ( Af  Tzf) (type n,l,2j)     Ji    Jf    ni   nf    C^2S       Ei      Ef   C^2S*(Ef-Ei)  Exi      Exf
( 22  3.0)  ( 23  3.5)  ( n  1 2  3)   2.0+  0.5+     1    1   0.0479   -31.340  -37.079   -0.275    3.158    0.000
( 22  3.0)  ( 23  3.5)  ( n  1 2  3)   2.0+  0.5+     2    1   0.0083   -28.135  -37.079   -0.074    6.363    0.000
( 22  3.0)  ( 23  3.5)  ( n  1 2  3)   2.0+  0.5+     3    1   0.0010   -26.044  -37.079   -0.011    8.454    0.000
( 22  3.0)  ( 23  3.5)  ( n  1 2  3)   2.0+  0.5+     4    1   0.0265   -24.872  -37.079   -0.323    9.626    0.000
( 22  3.0)  ( 23  3.5)  ( n  1 2  3)   2.0+  0.5+     5    1   0.0159   -23.802  -37.079   -0.211   10.696    0.000
( 22  3.0)  ( 23  3.5)  ( n  1 2  3)   2.0+  0.5+     6    1   0.0136   -21.870  -37.079   -0.207   12.628    0.000
( 22  3.0)  ( 23  3.5)  ( n  1 2  3)   2.0+  0.5+     7    1   0.0001   -21.345  -37.079   -0.002   13.153    0.000
( 22  3.0)  ( 23  3.5)  ( n  1 2  3)   2.0+  0.5+     8    1   0.0017   -21.268  -37.079   -0.027   13.230    0.000
( 22  3.0)  ( 23  3.5)  ( n  1 2  3)   2.0+  0.5+     9    1   0.0161   -20.545  -37.079   -0.266   13.953    0.000
( 22  3.0)  ( 23  3.5)  ( n  1 2  3)   2.0+  0.5+    10    1   0.0004   -19.966  -37.079   -0.007   14.532    0.000
                                                          sum  0.1315                      -6.249

( Ai  Tzi)  ( Af  Tzf) (type n,l,2j)     Ji    Jf    ni   nf    C^2S       Ei      Ef   C^2S*(Ef-Ei)  Exi      Exf
( 22  3.0)  ( 23  3.5)  ( n  1 2  5)   2.0+  0.5+     1    1   2.0747   -31.340  -37.079  -11.907    3.158    0.000
( 22  3.0)  ( 23  3.5)  ( n  1 2  5)   2.0+  0.5+     2    1   0.2730   -28.135  -37.079   -2.442    6.363    0.000
( 22  3.0)  ( 23  3.5)  ( n  1 2  5)   2.0+  0.5+     3    1   0.0475   -26.044  -37.079   -0.524    8.454    0.000
( 22  3.0)  ( 23  3.5)  ( n  1 2  5)   2.0+  0.5+     4    1   0.0016   -24.872  -37.079   -0.020    9.626    0.000
( 22  3.0)  ( 23  3.5)  ( n  1 2  5)   2.0+  0.5+     5    1   0.0231   -23.802  -37.079   -0.307   10.696    0.000
( 22  3.0)  ( 23  3.5)  ( n  1 2  5)   2.0+  0.5+     6    1   0.0034   -21.870  -37.079   -0.052   12.628    0.000
( 22  3.0)  ( 23  3.5)  ( n  1 2  5)   2.0+  0.5+     7    1   0.0251   -21.345  -37.079   -0.395   13.153    0.000
( 22  3.0)  ( 23  3.5)  ( n  1 2  5)   2.0+  0.5+     8    1   0.0014   -21.268  -37.079   -0.022   13.230    0.000
( 22  3.0)  ( 23  3.5)  ( n  1 2  5)   2.0+  0.5+     9    1   0.0003   -20.545  -37.079   -0.005   13.953    0.000
( 22  3.0)  ( 23  3.5)  ( n  1 2  5)   2.0+  0.5+    10    1   0.0064   -19.966  -37.079   -0.110   14.532    0.000
                                                          sum  2.4565                     -22.031

( Ai  Tzi)  ( Af  Tzf) (type n,l,2j)     Ji    Jf    ni   nf    C^2S       Ei      Ef   C^2S*(Ef-Ei)  Exi      Exf
( 22  3.0)  ( 23  3.5)  ( n  1 2  5)   3.0+  0.5+     1    1   3.2270   -29.703  -37.079  -23.802    4.795    0.000
( 22  3.0)  ( 23  3.5)  ( n  1 2  5)   3.0+  0.5+     2    1   0.0592   -25.997  -37.079   -0.656    8.501    0.000
( 22  3.0)  ( 23  3.5)  ( n  1 2  5)   3.0+  0.5+     3    1   0.0000   -24.293  -37.079   -0.000   10.205    0.000
( 22  3.0)  ( 23  3.5)  ( n  1 2  5)   3.0+  0.5+     4    1   0.0148   -22.415  -37.079   -0.217   12.083    0.000
( 22  3.0)  ( 23  3.5)  ( n  1 2  5)   3.0+  0.5+     5    1   0.0057   -22.052  -37.079   -0.086   12.446    0.000
( 22  3.0)  ( 23  3.5)  ( n  1 2  5)   3.0+  0.5+     6    1   0.0015   -20.834  -37.079   -0.024   13.664    0.000
( 22  3.0)  ( 23  3.5)  ( n  1 2  5)   3.0+  0.5+     7    1   0.0069   -20.231  -37.079   -0.116   14.267    0.000
( 22  3.0)  ( 23  3.5)  ( n  1 2  5)   3.0+  0.5+     8    1   0.0260   -19.255  -37.079   -0.463   15.243    0.000
( 22  3.0)  ( 23  3.5)  ( n  1 2  5)   3.0+  0.5+     9    1   0.0005   -18.384  -37.079   -0.009   16.114    0.000
( 22  3.0)  ( 23  3.5)  ( n  1 2  5)   3.0+  0.5+    10    1   0.0008   -18.102  -37.079   -0.015   16.396    0.000
                                                          sum  3.3424                     -47.421

                                                    total sum  3.6451
