! model space = sd            
! interaction = usdb          

( Ai  Tzi)  ( Af  Tzf) (type n,l,2j)     Ji    Jf    ni   nf    C^2S       Ei      Ef   C^2S*(Ef-Ei)  Exi      Exf
( 22  3.0)  ( 23  3.5)  ( n  1 2  5)   0.0+  2.5+     1    1   0.0590   -34.498  -34.486    0.001    0.000    0.000
( 22  3.0)  ( 23  3.5)  ( n  1 2  5)   0.0+  2.5+     1    2   0.0150   -34.498  -30.136    0.065    0.000    4.350
( 22  3.0)  ( 23  3.5)  ( n  1 2  5)   0.0+  2.5+     1    3   0.0001   -34.498  -28.399    0.001    0.000    6.087
( 22  3.0)  ( 23  3.5)  ( n  1 2  5)   0.0+  2.5+     1    4   0.0001   -34.498  -26.812    0.001    0.000    7.674
( 22  3.0)  ( 23  3.5)  ( n  1 2  5)   0.0+  2.5+     1    5   0.0075   -34.498  -26.202    0.062    0.000    8.284
( 22  3.0)  ( 23  3.5)  ( n  1 2  5)   0.0+  2.5+     1    6   0.0010   -34.498  -24.490    0.010    0.000    9.996
( 22  3.0)  ( 23  3.5)  ( n  1 2  5)   0.0+  2.5+     1    7   0.0001   -34.498  -23.945    0.001    0.000   10.541
( 22  3.0)  ( 23  3.5)  ( n  1 2  5)   0.0+  2.5+     1    8   0.0060   -34.498  -23.166    0.068    0.000   11.320
( 22  3.0)  ( 23  3.5)  ( n  1 2  5)   0.0+  2.5+     1    9   0.0000   -34.498  -22.411    0.000    0.000   12.075
( 22  3.0)  ( 23  3.5)  ( n  1 2  5)   0.0+  2.5+     1   10   0.0000   -34.498  -21.822    0.000    0.000   12.664
                                                          sum  0.0888                       0.209

( Ai  Tzi)  ( Af  Tzf) (type n,l,2j)     Ji    Jf    ni   nf    C^2S       Ei      Ef   C^2S*(Ef-Ei)  Exi      Exf
( 22  3.0)  ( 23  3.5)  ( n  1 2  5)   0.0+  2.5+     2    1   0.2708   -29.736  -34.486   -1.286    4.762    0.000
( 22  3.0)  ( 23  3.5)  ( n  1 2  5)   0.0+  2.5+     2    2   0.0023   -29.736  -30.136   -0.001    4.762    4.350
( 22  3.0)  ( 23  3.5)  ( n  1 2  5)   0.0+  2.5+     2    3   0.0030   -29.736  -28.399    0.004    4.762    6.087
( 22  3.0)  ( 23  3.5)  ( n  1 2  5)   0.0+  2.5+     2    4   0.0067   -29.736  -26.812    0.020    4.762    7.674
( 22  3.0)  ( 23  3.5)  ( n  1 2  5)   0.0+  2.5+     2    5   0.0034   -29.736  -26.202    0.012    4.762    8.284
( 22  3.0)  ( 23  3.5)  ( n  1 2  5)   0.0+  2.5+     2    6   0.0035   -29.736  -24.490    0.018    4.762    9.996
( 22  3.0)  ( 23  3.5)  ( n  1 2  5)   0.0+  2.5+     2    7   0.0008   -29.736  -23.945    0.005    4.762   10.541
( 22  3.0)  ( 23  3.5)  ( n  1 2  5)   0.0+  2.5+     2    8   0.0003   -29.736  -23.166    0.002    4.762   11.320
( 22  3.0)  ( 23  3.5)  ( n  1 2  5)   0.0+  2.5+     2    9   0.0017   -29.736  -22.411    0.012    4.762   12.075
( 22  3.0)  ( 23  3.5)  ( n  1 2  5)   0.0+  2.5+     2   10   0.0011   -29.736  -21.822    0.009    4.762   12.664
                                                          sum  0.2936                      -0.997

( Ai  Tzi)  ( Af  Tzf) (type n,l,2j)     Ji    Jf    ni   nf    C^2S       Ei      Ef   C^2S*(Ef-Ei)  Exi      Exf
( 22  3.0)  ( 23  3.5)  ( n  1 2  5)   0.0+  2.5+     3    1   0.0024   -24.849  -34.486   -0.023    9.649    0.000
( 22  3.0)  ( 23  3.5)  ( n  1 2  5)   0.0+  2.5+     3    2   0.2653   -24.849  -30.136   -1.403    9.649    4.350
( 22  3.0)  ( 23  3.5)  ( n  1 2  5)   0.0+  2.5+     3    3   0.0579   -24.849  -28.399   -0.206    9.649    6.087
( 22  3.0)  ( 23  3.5)  ( n  1 2  5)   0.0+  2.5+     3    4   0.0393   -24.849  -26.812   -0.077    9.649    7.674
( 22  3.0)  ( 23  3.5)  ( n  1 2  5)   0.0+  2.5+     3    5   0.0002   -24.849  -26.202   -0.000    9.649    8.284
( 22  3.0)  ( 23  3.5)  ( n  1 2  5)   0.0+  2.5+     3    6   0.0018   -24.849  -24.490    0.001    9.649    9.996
( 22  3.0)  ( 23  3.5)  ( n  1 2  5)   0.0+  2.5+     3    7   0.0005   -24.849  -23.945    0.000    9.649   10.541
( 22  3.0)  ( 23  3.5)  ( n  1 2  5)   0.0+  2.5+     3    8   0.0002   -24.849  -23.166    0.000    9.649   11.320
( 22  3.0)  ( 23  3.5)  ( n  1 2  5)   0.0+  2.5+     3    9   0.0004   -24.849  -22.411    0.001    9.649   12.075
( 22  3.0)  ( 23  3.5)  ( n  1 2  5)   0.0+  2.5+     3   10   0.0132   -24.849  -21.822    0.040    9.649   12.664
                                                          sum  0.3812                      -2.663

( Ai  Tzi)  ( Af  Tzf) (type n,l,2j)     Ji    Jf    ni   nf    C^2S       Ei      Ef   C^2S*(Ef-Ei)  Exi      Exf
( 22  3.0)  ( 23  3.5)  ( n  1 2  5)   0.0+  2.5+     4    1   0.0002   -22.361  -34.486   -0.002   12.137    0.000
( 22  3.0)  ( 23  3.5)  ( n  1 2  5)   0.0+  2.5+     4    2   0.0055   -22.361  -30.136   -0.043   12.137    4.350
( 22  3.0)  ( 23  3.5)  ( n  1 2  5)   0.0+  2.5+     4    3   0.0548   -22.361  -28.399   -0.331   12.137    6.087
( 22  3.0)  ( 23  3.5)  ( n  1 2  5)   0.0+  2.5+     4    4   0.0312   -22.361  -26.812   -0.139   12.137    7.674
( 22  3.0)  ( 23  3.5)  ( n  1 2  5)   0.0+  2.5+     4    5   0.2336   -22.361  -26.202   -0.897   12.137    8.284
( 22  3.0)  ( 23  3.5)  ( n  1 2  5)   0.0+  2.5+     4    6   0.0000   -22.361  -24.490   -0.000   12.137    9.996
( 22  3.0)  ( 23  3.5)  ( n  1 2  5)   0.0+  2.5+     4    7   0.0261   -22.361  -23.945   -0.041   12.137   10.541
( 22  3.0)  ( 23  3.5)  ( n  1 2  5)   0.0+  2.5+     4    8   0.0028   -22.361  -23.166   -0.002   12.137   11.320
( 22  3.0)  ( 23  3.5)  ( n  1 2  5)   0.0+  2.5+     4    9   0.0001   -22.361  -22.411   -0.000   12.137   12.075
( 22  3.0)  ( 23  3.5)  ( n  1 2  5)   0.0+  2.5+     4   10   0.0025   -22.361  -21.822    0.001   12.137   12.664
                                                          sum  0.3568                      -4.118

( Ai  Tzi)  ( Af  Tzf) (type n,l,2j)     Ji    Jf    ni   nf    C^2S       Ei      Ef   C^2S*(Ef-Ei)  Exi      Exf
( 22  3.0)  ( 23  3.5)  ( n  1 2  5)   0.0+  2.5+     5    1   0.0014   -19.986  -34.486   -0.020   14.512    0.000
( 22  3.0)  ( 23  3.5)  ( n  1 2  5)   0.0+  2.5+     5    2   0.0039   -19.986  -30.136   -0.040   14.512    4.350
( 22  3.0)  ( 23  3.5)  ( n  1 2  5)   0.0+  2.5+     5    3   0.0042   -19.986  -28.399   -0.035   14.512    6.087
( 22  3.0)  ( 23  3.5)  ( n  1 2  5)   0.0+  2.5+     5    4   0.3583   -19.986  -26.812   -2.446   14.512    7.674
( 22  3.0)  ( 23  3.5)  ( n  1 2  5)   0.0+  2.5+     5    5   0.0424   -19.986  -26.202   -0.264   14.512    8.284
( 22  3.0)  ( 23  3.5)  ( n  1 2  5)   0.0+  2.5+     5    6   0.0068   -19.986  -24.490   -0.031   14.512    9.996
( 22  3.0)  ( 23  3.5)  ( n  1 2  5)   0.0+  2.5+     5    7   0.0004   -19.986  -23.945   -0.002   14.512   10.541
( 22  3.0)  ( 23  3.5)  ( n  1 2  5)   0.0+  2.5+     5    8   0.0005   -19.986  -23.166   -0.002   14.512   11.320
( 22  3.0)  ( 23  3.5)  ( n  1 2  5)   0.0+  2.5+     5    9   0.0020   -19.986  -22.411   -0.005   14.512   12.075
( 22  3.0)  ( 23  3.5)  ( n  1 2  5)   0.0+  2.5+     5   10   0.0048   -19.986  -21.822   -0.009   14.512   12.664
                                                          sum  0.4247                      -6.970

( Ai  Tzi)  ( Af  Tzf) (type n,l,2j)     Ji    Jf    ni   nf    C^2S       Ei      Ef   C^2S*(Ef-Ei)  Exi      Exf
( 22  3.0)  ( 23  3.5)  ( n  1 2  5)   0.0+  2.5+     6    1   0.0000   -16.492  -34.486   -0.000   18.006    0.000
( 22  3.0)  ( 23  3.5)  ( n  1 2  5)   0.0+  2.5+     6    2   0.0004   -16.492  -30.136   -0.005   18.006    4.350
( 22  3.0)  ( 23  3.5)  ( n  1 2  5)   0.0+  2.5+     6    3   0.0002   -16.492  -28.399   -0.002   18.006    6.087
( 22  3.0)  ( 23  3.5)  ( n  1 2  5)   0.0+  2.5+     6    4   0.0004   -16.492  -26.812   -0.004   18.006    7.674
( 22  3.0)  ( 23  3.5)  ( n  1 2  5)   0.0+  2.5+     6    5   0.0003   -16.492  -26.202   -0.003   18.006    8.284
( 22  3.0)  ( 23  3.5)  ( n  1 2  5)   0.0+  2.5+     6    6   0.0351   -16.492  -24.490   -0.281   18.006    9.996
( 22  3.0)  ( 23  3.5)  ( n  1 2  5)   0.0+  2.5+     6    7   0.0744   -16.492  -23.945   -0.555   18.006   10.541
( 22  3.0)  ( 23  3.5)  ( n  1 2  5)   0.0+  2.5+     6    8   0.0554   -16.492  -23.166   -0.370   18.006   11.320
( 22  3.0)  ( 23  3.5)  ( n  1 2  5)   0.0+  2.5+     6    9   0.0783   -16.492  -22.411   -0.463   18.006   12.075
( 22  3.0)  ( 23  3.5)  ( n  1 2  5)   0.0+  2.5+     6   10   0.0036   -16.492  -21.822   -0.019   18.006   12.664
                                                          sum  0.2481                      -8.672

( Ai  Tzi)  ( Af  Tzf) (type n,l,2j)     Ji    Jf    ni   nf    C^2S       Ei      Ef   C^2S*(Ef-Ei)  Exi      Exf
( 22  3.0)  ( 23  3.5)  ( n  1 2  5)   0.0+  2.5+     7    1   0.0002   -16.341  -34.486   -0.004   18.157    0.000
( 22  3.0)  ( 23  3.5)  ( n  1 2  5)   0.0+  2.5+     7    2   0.0004   -16.341  -30.136   -0.006   18.157    4.350
( 22  3.0)  ( 23  3.5)  ( n  1 2  5)   0.0+  2.5+     7    3   0.0017   -16.341  -28.399   -0.020   18.157    6.087
( 22  3.0)  ( 23  3.5)  ( n  1 2  5)   0.0+  2.5+     7    4   0.0001   -16.341  -26.812   -0.001   18.157    7.674
( 22  3.0)  ( 23  3.5)  ( n  1 2  5)   0.0+  2.5+     7    5   0.0096   -16.341  -26.202   -0.095   18.157    8.284
( 22  3.0)  ( 23  3.5)  ( n  1 2  5)   0.0+  2.5+     7    6   0.0010   -16.341  -24.490   -0.008   18.157    9.996
( 22  3.0)  ( 23  3.5)  ( n  1 2  5)   0.0+  2.5+     7    7   0.0437   -16.341  -23.945   -0.332   18.157   10.541
( 22  3.0)  ( 23  3.5)  ( n  1 2  5)   0.0+  2.5+     7    8   0.1456   -16.341  -23.166   -0.994   18.157   11.320
( 22  3.0)  ( 23  3.5)  ( n  1 2  5)   0.0+  2.5+     7    9   0.0151   -16.341  -22.411   -0.092   18.157   12.075
( 22  3.0)  ( 23  3.5)  ( n  1 2  5)   0.0+  2.5+     7   10   0.0535   -16.341  -21.822   -0.293   18.157   12.664
                                                          sum  0.2709                     -10.516

( Ai  Tzi)  ( Af  Tzf) (type n,l,2j)     Ji    Jf    ni   nf    C^2S       Ei      Ef   C^2S*(Ef-Ei)  Exi      Exf
( 22  3.0)  ( 23  3.5)  ( n  1 2  5)   0.0+  2.5+     8    1   0.0000   -14.791  -34.486   -0.000   19.707    0.000
( 22  3.0)  ( 23  3.5)  ( n  1 2  5)   0.0+  2.5+     8    2   0.0011   -14.791  -30.136   -0.017   19.707    4.350
( 22  3.0)  ( 23  3.5)  ( n  1 2  5)   0.0+  2.5+     8    3   0.0008   -14.791  -28.399   -0.011   19.707    6.087
( 22  3.0)  ( 23  3.5)  ( n  1 2  5)   0.0+  2.5+     8    4   0.0009   -14.791  -26.812   -0.011   19.707    7.674
( 22  3.0)  ( 23  3.5)  ( n  1 2  5)   0.0+  2.5+     8    5   0.0005   -14.791  -26.202   -0.006   19.707    8.284
( 22  3.0)  ( 23  3.5)  ( n  1 2  5)   0.0+  2.5+     8    6   0.0001   -14.791  -24.490   -0.001   19.707    9.996
( 22  3.0)  ( 23  3.5)  ( n  1 2  5)   0.0+  2.5+     8    7   0.0005   -14.791  -23.945   -0.005   19.707   10.541
( 22  3.0)  ( 23  3.5)  ( n  1 2  5)   0.0+  2.5+     8    8   0.0613   -14.791  -23.166   -0.513   19.707   11.320
( 22  3.0)  ( 23  3.5)  ( n  1 2  5)   0.0+  2.5+     8    9   0.0130   -14.791  -22.411   -0.099   19.707   12.075
( 22  3.0)  ( 23  3.5)  ( n  1 2  5)   0.0+  2.5+     8   10   0.1339   -14.791  -21.822   -0.941   19.707   12.664
                                                          sum  0.2121                     -12.120

( Ai  Tzi)  ( Af  Tzf) (type n,l,2j)     Ji    Jf    ni   nf    C^2S       Ei      Ef   C^2S*(Ef-Ei)  Exi      Exf
( 22  3.0)  ( 23  3.5)  ( n  1 2  5)   0.0+  2.5+     9    1   0.0000   -13.558  -34.486   -0.000   20.940    0.000
( 22  3.0)  ( 23  3.5)  ( n  1 2  5)   0.0+  2.5+     9    2   0.0002   -13.558  -30.136   -0.003   20.940    4.350
( 22  3.0)  ( 23  3.5)  ( n  1 2  5)   0.0+  2.5+     9    3   0.0000   -13.558  -28.399   -0.000   20.940    6.087
( 22  3.0)  ( 23  3.5)  ( n  1 2  5)   0.0+  2.5+     9    4   0.0004   -13.558  -26.812   -0.005   20.940    7.674
( 22  3.0)  ( 23  3.5)  ( n  1 2  5)   0.0+  2.5+     9    5   0.0005   -13.558  -26.202   -0.006   20.940    8.284
( 22  3.0)  ( 23  3.5)  ( n  1 2  5)   0.0+  2.5+     9    6   0.0131   -13.558  -24.490   -0.143   20.940    9.996
( 22  3.0)  ( 23  3.5)  ( n  1 2  5)   0.0+  2.5+     9    7   0.0019   -13.558  -23.945   -0.020   20.940   10.541
( 22  3.0)  ( 23  3.5)  ( n  1 2  5)   0.0+  2.5+     9    8   0.0462   -13.558  -23.166   -0.444   20.940   11.320
( 22  3.0)  ( 23  3.5)  ( n  1 2  5)   0.0+  2.5+     9    9   0.0059   -13.558  -22.411   -0.052   20.940   12.075
( 22  3.0)  ( 23  3.5)  ( n  1 2  5)   0.0+  2.5+     9   10   0.0349   -13.558  -21.822   -0.288   20.940   12.664
                                                          sum  0.1031                     -13.083

( Ai  Tzi)  ( Af  Tzf) (type n,l,2j)     Ji    Jf    ni   nf    C^2S       Ei      Ef   C^2S*(Ef-Ei)  Exi      Exf
( 22  3.0)  ( 23  3.5)  ( n  1 2  5)   0.0+  2.5+    10    1   0.0000   -11.207  -34.486   -0.000   23.291    0.000
( 22  3.0)  ( 23  3.5)  ( n  1 2  5)   0.0+  2.5+    10    2   0.0001   -11.207  -30.136   -0.002   23.291    4.350
( 22  3.0)  ( 23  3.5)  ( n  1 2  5)   0.0+  2.5+    10    3   0.0003   -11.207  -28.399   -0.005   23.291    6.087
( 22  3.0)  ( 23  3.5)  ( n  1 2  5)   0.0+  2.5+    10    4   0.0001   -11.207  -26.812   -0.002   23.291    7.674
( 22  3.0)  ( 23  3.5)  ( n  1 2  5)   0.0+  2.5+    10    5   0.0003   -11.207  -26.202   -0.004   23.291    8.284
( 22  3.0)  ( 23  3.5)  ( n  1 2  5)   0.0+  2.5+    10    6   0.0008   -11.207  -24.490   -0.011   23.291    9.996
( 22  3.0)  ( 23  3.5)  ( n  1 2  5)   0.0+  2.5+    10    7   0.0012   -11.207  -23.945   -0.015   23.291   10.541
( 22  3.0)  ( 23  3.5)  ( n  1 2  5)   0.0+  2.5+    10    8   0.0018   -11.207  -23.166   -0.022   23.291   11.320
( 22  3.0)  ( 23  3.5)  ( n  1 2  5)   0.0+  2.5+    10    9   0.0019   -11.207  -22.411   -0.021   23.291   12.075
( 22  3.0)  ( 23  3.5)  ( n  1 2  5)   0.0+  2.5+    10   10   0.0078   -11.207  -21.822   -0.083   23.291   12.664
                                                          sum  0.0143                     -13.247

                                                    total sum  2.3793
