   -7.96000   0.89993
   -5.23700   0.00681
   -2.13300   0.11064
   -1.17500   0.39130
   -0.96100   0.02307
   -0.08000   0.68451
    0.39400   0.03491
    1.10000   0.81378
    1.58900   0.13595
    1.87500   0.02085
   -7.56100   0.00000
   -4.21000   0.00000
   -2.53800   0.00000
   -2.16600   0.00000
   -1.26200   0.00000
   -1.19500   0.00000
   -0.91100   0.00000
   -0.12000   0.00000
    0.00000   0.00000
    0.55300   0.00000
   -7.56100   0.66207
   -4.21000   0.02686
   -2.53800   0.00006
   -2.16600   0.25884
   -1.26200   2.01286
   -1.19500   0.15854
   -0.91100   0.07485
   -0.12000   0.00012
    0.00000   1.04708
    0.55300   0.00030
   -5.79100   0.10647
   -3.29800   0.01478
   -2.71500   0.12007
   -1.46800   0.85284
   -0.55300   0.14591
   -0.37100   1.67064
   -0.17000   0.39006
    0.06800   0.07473
    0.58100   0.75819
    1.20000   0.20858
