      1      1      1      1           6           0  0.97181422125627426     
      1      1      1      1           4           0  -3.5080837563672587     
      1      1      1      1           2           0   2.7407820424524254     
      1      1      1      1           0           0  -6.5322387500000012     
      1      1      1      2           6           0  -1.1283114449736749     
      1      1      1      2           4           0   1.8122613956338123     
      1      1      1      2           2           0  -1.4883456527521779     
      1      1      1      3           4           0   1.0935930603753372     
      1      1      1      3           2           0   3.8699319798984000E-002
      1      1      2      1           6           0  -1.1283114449736749     
      1      1      2      1           4           0   1.8122613956338123     
      1      1      2      1           2           0  -1.4883456527521779     
      1      1      2      2           8           0  -4.8258141313277942     
      1      1      2      2           6           0   1.6547852028889845     
      1      1      2      2           4           0  -2.0426768646114155     
      1      1      2      2           2           0  0.31486211000203213     
      1      1      2      3           4           0 -0.49550873001002899     
      1      1      2      3           2           0  -7.4106960097120034E-003
      1      1      3      1           4           0   1.0935930603753374     
      1      1      3      1           2           0   3.8699319798984000E-002
      1      1      3      2           4           0 -0.49550873001002899     
      1      1      3      2           2           0  -7.4106960097120034E-003
      1      1      3      3           4           0 -0.90064979477313512     
      1      1      3      3           2           0 -0.37724235305584386     
      1      2      1      1           6           0   1.1283114449736749     
      1      2      1      1           4           0  -1.8122613956338127     
      1      2      1      1           2           0   1.4883456527521783     
      1      2      1      2           6           0   2.0279056756249370     
      1      2      1      2           4           0  -4.7580544313695814     
      1      2      1      2           2           0   1.3931096336284545     
      1      2      1      2           0           0  -9.0636658371037733     
      1      2      1      3           6           0 -0.95693887758134866     
      1      2      1      3           4           0  -1.2658494608133108     
      1      2      2      1           8           0   7.0879721785714302     
      1      2      2      1           6           0  -2.3397035053063409     
      1      2      2      1           4           0   2.3767535697020410     
      1      2      2      1           2           0  -3.2639927623919789     
      1      2      2      2           8           0   4.3213789359771457     
      1      2      2      2           6           0  -1.3483499405649555     
      1      2      2      2           4           0   4.0831271990809208     
      1      2      2      2           2           0   1.3532190006287368     
      1      2      2      3           6           0 -0.41468682891210096     
      1      2      2      3           4           0   2.2065920355366613     
      1      2      3      1           4           0  0.89534289508686737     
      1      2      3      1           2           0  0.90277902353758055     
      1      2      3      2           4           0   1.3119573110569811     
      1      2      3      2           2           0 -0.12617821813663266     
      1      2      3      3           4           0   2.3015430118088176     
      1      3      1      1           4           0  -1.0935930603753372     
      1      3      1      1           2           0  -3.8699319798983889E-002
      1      3      1      2           6           0 -0.95693887758134799     
      1      3      1      2           4           0  -1.2658494608133113     
      1      3      1      3           2           0 -0.87554546262315758     
      1      3      1      3           0           0  -3.5081773587821927     
      1      3      2      1           4           0  0.89534289508686715     
      1      3      2      1           2           0  0.90277902353758022     
      1      3      2      2           6           0 -0.72669812494070130     
      1      3      2      2           4           0   1.0813163517646769     
      1      3      2      3           2           0  0.93270979280870048     
      1      3      3      1           4           0   3.9557311490548503     
      1      3      3      1           2           0 -0.63830878699904092     
      1      3      3      2           4           0   4.2839808969988695     
      1      3      3      3           2           0  -1.0469939739719136     
      2      1      1      1           6           0   1.1283114449736749     
      2      1      1      1           4           0  -1.8122613956338121     
      2      1      1      1           2           0   1.4883456527521783     
      2      1      1      2           8           0   7.0879721785714302     
      2      1      1      2           6           0  -2.3397035053063404     
      2      1      1      2           4           0   2.3767535697020410     
      2      1      1      2           2           0  -3.2639927623919784     
      2      1      1      3           4           0  0.89534289508686749     
      2      1      1      3           2           0  0.90277902353758055     
      2      1      2      1           6           0   2.0279056756249370     
      2      1      2      1           4           0  -4.7580544313695814     
      2      1      2      1           2           0   1.3931096336284556     
      2      1      2      1           0           0  -9.0636658371037715     
      2      1      2      2           8           0   4.3213789359771457     
      2      1      2      2           6           0  -1.3483499405649553     
      2      1      2      2           4           0   4.0831271990809208     
      2      1      2      2           2           0   1.3532190006287368     
      2      1      2      3           4           0   1.3119573110569811     
      2      1      2      3           2           0 -0.12617821813663266     
      2      1      3      1           6           0 -0.95693887758134866     
      2      1      3      1           4           0  -1.2658494608133108     
      2      1      3      2           6           0 -0.41468682891210096     
      2      1      3      2           4           0   2.2065920355366613     
      2      1      3      3           4           0   2.3015430118088176     
      2      2      1      1           8           0  -4.8258141313277942     
      2      2      1      1           6           0   1.6547852028889849     
      2      2      1      1           4           0  -2.0426768646114160     
      2      2      1      1           2           0  0.31486211000203213     
      2      2      1      2           8           0  -4.3213789359771440     
      2      2      1      2           6           0   1.3483499405649546     
      2      2      1      2           4           0  -4.0831271990809208     
      2      2      1      2           2           0  -1.3532190006287359     
      2      2      1      3           6           0  0.72669812494070096     
      2      2      1      3           4           0  -1.0813163517646767     
      2      2      2      1           8           0  -4.3213789359771440     
      2      2      2      1           6           0   1.3483499405649546     
      2      2      2      1           4           0  -4.0831271990809217     
      2      2      2      1           2           0  -1.3532190006287355     
      2      2      2      2          10           0   2.8575170553876088E-002
      2      2      2      2           8           0  -2.5832849285714290     
      2      2      2      2           6           0   3.0368661381986248     
      2      2      2      2           4           0  -5.8840937216633833     
      2      2      2      2           2           0   5.6420292473996057     
      2      2      2      2           0           0  -11.264648666666668     
      2      2      2      3           6           0 -0.12790394067501443     
      2      2      2      3           4           0  -2.5158705591213959     
      2      2      3      1           6           0  0.72669812494070096     
      2      2      3      1           4           0  -1.0813163517646767     
      2      2      3      2           6           0 -0.12790394067501443     
      2      2      3      2           4           0  -2.5158705591213959     
      2      2      3      3           6           0 -0.55202153963990586     
      2      2      3      3           4           0  -1.5925267314649978     
      2      3      1      1           4           0 -0.49550873001002904     
      2      3      1      1           2           0  -7.4106960097120034E-003
      2      3      1      2           6           0  0.41468682891210085     
      2      3      1      2           4           0  -2.2065920355366613     
      2      3      1      3           2           0 -0.93270979280870048     
      2      3      2      1           4           0  -1.3119573110569818     
      2      3      2      1           2           0  0.12617821813663255     
      2      3      2      2           6           0 -0.12790394067501509     
      2      3      2      2           4           0  -2.5158705591213959     
      2      3      2      3           2           0   1.7789773920410643     
      2      3      2      3           0           0  -4.1259735099980972     
      2      3      3      1           4           0  -4.2839808969988704     
      2      3      3      2           6           0  0.35662015778056821     
      2      3      3      2           4           0  -6.0057906938123322     
      3      1      1      1           4           0  -1.0935930603753372     
      3      1      1      1           2           0  -3.8699319798983889E-002
      3      1      1      2           4           0  0.89534289508686715     
      3      1      1      2           2           0  0.90277902353758022     
      3      1      1      3           4           0   3.9557311490548503     
      3      1      1      3           2           0 -0.63830878699904092     
      3      1      2      1           6           0 -0.95693887758134799     
      3      1      2      1           4           0  -1.2658494608133113     
      3      1      2      2           6           0 -0.72669812494070130     
      3      1      2      2           4           0   1.0813163517646769     
      3      1      2      3           4           0   4.2839808969988695     
      3      1      3      1           2           0 -0.87554546262315758     
      3      1      3      1           0           0  -3.5081773587821927     
      3      1      3      2           2           0  0.93270979280870048     
      3      1      3      3           2           0  -1.0469939739719136     
      3      2      1      1           4           0 -0.49550873001002904     
      3      2      1      1           2           0  -7.4106960097120034E-003
      3      2      1      2           4           0  -1.3119573110569818     
      3      2      1      2           2           0  0.12617821813663255     
      3      2      1      3           4           0  -4.2839808969988704     
      3      2      2      1           6           0  0.41468682891210085     
      3      2      2      1           4           0  -2.2065920355366617     
      3      2      2      2           6           0 -0.12790394067501509     
      3      2      2      2           4           0  -2.5158705591213963     
      3      2      2      3           6           0  0.35662015778056821     
      3      2      2      3           4           0  -6.0057906938123322     
      3      2      3      1           2           0 -0.93270979280870048     
      3      2      3      2           2           0   1.7789773920410650     
      3      2      3      2           0           0  -4.1259735099980972     
      3      3      1      1           4           0 -0.90064979477313489     
      3      3      1      1           2           0 -0.37724235305584380     
      3      3      1      2           4           0  -2.3015430118088167     
      3      3      1      3           2           0   1.0469939739719136     
      3      3      2      1           4           0  -2.3015430118088167     
      3      3      2      2           6           0 -0.55202153963990563     
      3      3      2      2           4           0  -1.5925267314649973     
      3      3      3      1           2           0   1.0469939739719136     
      3      3      3      3           2           0   1.6237352782667502     
      3      3      3      3           0           0  -5.9551720000000019     
      1      1      1      1           6           0  0.97181422125627426     
      1      1      1      1           4           0  -3.5080837563672587     
      1      1      1      1           2           0   2.7407820424524254     
      1      1      1      1           0           0  -6.5322387500000012     
      1      1      1      2           6           0  -1.1283114449736749     
      1      1      1      2           4           0   1.8122613956338123     
      1      1      1      2           2           0  -1.4883456527521779     
      1      1      1      3           4           0   1.0935930603753372     
      1      1      1      3           2           0   3.8699319798984000E-002
      1      1      2      1           6           0  -1.1283114449736749     
      1      1      2      1           4           0   1.8122613956338123     
      1      1      2      1           2           0  -1.4883456527521779     
      1      1      2      2           8           0  -4.8258141313277942     
      1      1      2      2           6           0   1.6547852028889845     
      1      1      2      2           4           0  -2.0426768646114155     
      1      1      2      2           2           0  0.31486211000203213     
      1      1      2      3           4           0 -0.49550873001002899     
      1      1      2      3           2           0  -7.4106960097120034E-003
      1      1      3      1           4           0   1.0935930603753374     
      1      1      3      1           2           0   3.8699319798984000E-002
      1      1      3      2           4           0 -0.49550873001002899     
      1      1      3      2           2           0  -7.4106960097120034E-003
      1      1      3      3           4           0 -0.90064979477313512     
      1      1      3      3           2           0 -0.37724235305584386     
      1      2      1      1           6           0   1.1283114449736749     
      1      2      1      1           4           0  -1.8122613956338127     
      1      2      1      1           2           0   1.4883456527521783     
      1      2      1      2           6           0   2.0279056756249370     
      1      2      1      2           4           0  -4.7580544313695814     
      1      2      1      2           2           0   1.3931096336284545     
      1      2      1      2           0           0  -9.0636658371037733     
      1      2      1      3           6           0 -0.95693887758134866     
      1      2      1      3           4           0  -1.2658494608133108     
      1      2      2      1           8           0   7.0879721785714302     
      1      2      2      1           6           0  -2.3397035053063409     
      1      2      2      1           4           0   2.3767535697020410     
      1      2      2      1           2           0  -3.2639927623919789     
      1      2      2      2           8           0   4.3213789359771457     
      1      2      2      2           6           0  -1.3483499405649555     
      1      2      2      2           4           0   4.0831271990809208     
      1      2      2      2           2           0   1.3532190006287368     
      1      2      2      3           6           0 -0.41468682891210096     
      1      2      2      3           4           0   2.2065920355366613     
      1      2      3      1           4           0  0.89534289508686737     
      1      2      3      1           2           0  0.90277902353758055     
      1      2      3      2           4           0   1.3119573110569811     
      1      2      3      2           2           0 -0.12617821813663266     
      1      2      3      3           4           0   2.3015430118088176     
      1      3      1      1           4           0  -1.0935930603753372     
      1      3      1      1           2           0  -3.8699319798983889E-002
      1      3      1      2           6           0 -0.95693887758134799     
      1      3      1      2           4           0  -1.2658494608133113     
      1      3      1      3           2           0 -0.87554546262315758     
      1      3      1      3           0           0  -3.5081773587821927     
      1      3      2      1           4           0  0.89534289508686715     
      1      3      2      1           2           0  0.90277902353758022     
      1      3      2      2           6           0 -0.72669812494070130     
      1      3      2      2           4           0   1.0813163517646769     
      1      3      2      3           2           0  0.93270979280870048     
      1      3      3      1           4           0   3.9557311490548503     
      1      3      3      1           2           0 -0.63830878699904092     
      1      3      3      2           4           0   4.2839808969988695     
      1      3      3      3           2           0  -1.0469939739719136     
      2      1      1      1           6           0   1.1283114449736749     
      2      1      1      1           4           0  -1.8122613956338121     
      2      1      1      1           2           0   1.4883456527521783     
      2      1      1      2           8           0   7.0879721785714302     
      2      1      1      2           6           0  -2.3397035053063404     
      2      1      1      2           4           0   2.3767535697020410     
      2      1      1      2           2           0  -3.2639927623919784     
      2      1      1      3           4           0  0.89534289508686749     
      2      1      1      3           2           0  0.90277902353758055     
      2      1      2      1           6           0   2.0279056756249370     
      2      1      2      1           4           0  -4.7580544313695814     
      2      1      2      1           2           0   1.3931096336284556     
      2      1      2      1           0           0  -9.0636658371037715     
      2      1      2      2           8           0   4.3213789359771457     
      2      1      2      2           6           0  -1.3483499405649553     
      2      1      2      2           4           0   4.0831271990809208     
      2      1      2      2           2           0   1.3532190006287368     
      2      1      2      3           4           0   1.3119573110569811     
      2      1      2      3           2           0 -0.12617821813663266     
      2      1      3      1           6           0 -0.95693887758134866     
      2      1      3      1           4           0  -1.2658494608133108     
      2      1      3      2           6           0 -0.41468682891210096     
      2      1      3      2           4           0   2.2065920355366613     
      2      1      3      3           4           0   2.3015430118088176     
      2      2      1      1           8           0  -4.8258141313277942     
      2      2      1      1           6           0   1.6547852028889849     
      2      2      1      1           4           0  -2.0426768646114160     
      2      2      1      1           2           0  0.31486211000203213     
      2      2      1      2           8           0  -4.3213789359771440     
      2      2      1      2           6           0   1.3483499405649546     
      2      2      1      2           4           0  -4.0831271990809208     
      2      2      1      2           2           0  -1.3532190006287359     
      2      2      1      3           6           0  0.72669812494070096     
      2      2      1      3           4           0  -1.0813163517646767     
      2      2      2      1           8           0  -4.3213789359771440     
      2      2      2      1           6           0   1.3483499405649546     
      2      2      2      1           4           0  -4.0831271990809217     
      2      2      2      1           2           0  -1.3532190006287355     
      2      2      2      2          10           0   2.8575170553876088E-002
      2      2      2      2           8           0  -2.5832849285714290     
      2      2      2      2           6           0   3.0368661381986248     
      2      2      2      2           4           0  -5.8840937216633833     
      2      2      2      2           2           0   5.6420292473996057     
      2      2      2      2           0           0  -11.264648666666668     
      2      2      2      3           6           0 -0.12790394067501443     
      2      2      2      3           4           0  -2.5158705591213959     
      2      2      3      1           6           0  0.72669812494070096     
      2      2      3      1           4           0  -1.0813163517646767     
      2      2      3      2           6           0 -0.12790394067501443     
      2      2      3      2           4           0  -2.5158705591213959     
      2      2      3      3           6           0 -0.55202153963990586     
      2      2      3      3           4           0  -1.5925267314649978     
      2      3      1      1           4           0 -0.49550873001002904     
      2      3      1      1           2           0  -7.4106960097120034E-003
      2      3      1      2           6           0  0.41468682891210085     
      2      3      1      2           4           0  -2.2065920355366613     
      2      3      1      3           2           0 -0.93270979280870048     
      2      3      2      1           4           0  -1.3119573110569818     
      2      3      2      1           2           0  0.12617821813663255     
      2      3      2      2           6           0 -0.12790394067501509     
      2      3      2      2           4           0  -2.5158705591213959     
      2      3      2      3           2           0   1.7789773920410643     
      2      3      2      3           0           0  -4.1259735099980972     
      2      3      3      1           4           0  -4.2839808969988704     
      2      3      3      2           6           0  0.35662015778056821     
      2      3      3      2           4           0  -6.0057906938123322     
      3      1      1      1           4           0  -1.0935930603753372     
      3      1      1      1           2           0  -3.8699319798983889E-002
      3      1      1      2           4           0  0.89534289508686715     
      3      1      1      2           2           0  0.90277902353758022     
      3      1      1      3           4           0   3.9557311490548503     
      3      1      1      3           2           0 -0.63830878699904092     
      3      1      2      1           6           0 -0.95693887758134799     
      3      1      2      1           4           0  -1.2658494608133113     
      3      1      2      2           6           0 -0.72669812494070130     
      3      1      2      2           4           0   1.0813163517646769     
      3      1      2      3           4           0   4.2839808969988695     
      3      1      3      1           2           0 -0.87554546262315758     
      3      1      3      1           0           0  -3.5081773587821927     
      3      1      3      2           2           0  0.93270979280870048     
      3      1      3      3           2           0  -1.0469939739719136     
      3      2      1      1           4           0 -0.49550873001002904     
      3      2      1      1           2           0  -7.4106960097120034E-003
      3      2      1      2           4           0  -1.3119573110569818     
      3      2      1      2           2           0  0.12617821813663255     
      3      2      1      3           4           0  -4.2839808969988704     
      3      2      2      1           6           0  0.41468682891210085     
      3      2      2      1           4           0  -2.2065920355366617     
      3      2      2      2           6           0 -0.12790394067501509     
      3      2      2      2           4           0  -2.5158705591213963     
      3      2      2      3           6           0  0.35662015778056821     
      3      2      2      3           4           0  -6.0057906938123322     
      3      2      3      1           2           0 -0.93270979280870048     
      3      2      3      2           2           0   1.7789773920410650     
      3      2      3      2           0           0  -4.1259735099980972     
      3      3      1      1           4           0 -0.90064979477313489     
      3      3      1      1           2           0 -0.37724235305584380     
      3      3      1      2           4           0  -2.3015430118088167     
      3      3      1      3           2           0   1.0469939739719136     
      3      3      2      1           4           0  -2.3015430118088167     
      3      3      2      2           6           0 -0.55202153963990563     
      3      3      2      2           4           0  -1.5925267314649973     
      3      3      3      1           2           0   1.0469939739719136     
      3      3      3      3           2           0   1.6237352782667502     
      3      3      3      3           0           0  -5.9551720000000019     
         336          10
   1   1   4   4   0   0   0   0 -6.5322   1   1
   1   1   4   4   2   0   0   0  2.7408   1   1
   1   1   4   4   4   0   0   0 -3.5081   1   1
   1   1   4   4   6   0   0   0  0.9718   1   1
   1   1   4   5   2   0   0   0 -1.4883   1   1
   1   1   4   5   4   0   0   0  1.8123   1   1
   1   1   4   5   6   0   0   0 -1.1283   1   1
   1   1   4   6   2   0   0   0  0.0387   1   1
   1   1   4   6   4   0   0   0  1.0936   1   1
   1   1   5   4   2   0   0   0  1.4883   1   1
   1   1   5   4   4   0   0   0 -1.8123   1   1
   1   1   5   4   6   0   0   0  1.1283   1   1
   1   1   5   5   0   0   0   0 -9.0637   1   1
   1   1   5   5   2   0   0   0  1.3931   1   1
   1   1   5   5   4   0   0   0 -4.7581   1   1
   1   1   5   5   6   0   0   0  2.0279   1   1
   1   1   5   6   4   0   0   0 -1.2658   1   1
   1   1   5   6   6   0   0   0 -0.9569   1   1
   1   1   6   4   2   0   0   0 -0.0387   1   1
   1   1   6   4   4   0   0   0 -1.0936   1   1
   1   1   6   5   4   0   0   0 -1.2658   1   1
   1   1   6   5   6   0   0   0 -0.9569   1   1
   1   1   6   6   0   0   0   0 -3.5082   1   1
   1   1   6   6   2   0   0   0 -0.8755   1   1
   1   2   4   4   2   0   0   0 -1.4883   1   1
   1   2   4   4   4   0   0   0  1.8123   1   1
   1   2   4   4   6   0   0   0 -1.1283   1   1
   1   2   4   5   2   0   0   0  0.3149   1   1
   1   2   4   5   4   0   0   0 -2.0427   1   1
   1   2   4   5   6   0   0   0  1.6548   1   1
   1   2   4   5   8   0   0   0 -4.8258   1   1
   1   2   4   6   2   0   0   0 -0.0074   1   1
   1   2   4   6   4   0   0   0 -0.4955   1   1
   1   2   5   4   2   0   0   0 -3.2640   1   1
   1   2   5   4   4   0   0   0  2.3768   1   1
   1   2   5   4   6   0   0   0 -2.3397   1   1
   1   2   5   4   8   0   0   0  7.0880   1   1
   1   2   5   5   2   0   0   0  1.3532   1   1
   1   2   5   5   4   0   0   0  4.0831   1   1
   1   2   5   5   6   0   0   0 -1.3483   1   1
   1   2   5   5   8   0   0   0  4.3214   1   1
   1   2   5   6   4   0   0   0  2.2066   1   1
   1   2   5   6   6   0   0   0 -0.4147   1   1
   1   2   6   4   2   0   0   0  0.9028   1   1
   1   2   6   4   4   0   0   0  0.8953   1   1
   1   2   6   5   4   0   0   0  1.0813   1   1
   1   2   6   5   6   0   0   0 -0.7267   1   1
   1   2   6   6   2   0   0   0  0.9327   1   1
   1   3   4   4   2   0   0   0  0.0387   1   1
   1   3   4   4   4   0   0   0  1.0936   1   1
   1   3   4   5   2   0   0   0 -0.0074   1   1
   1   3   4   5   4   0   0   0 -0.4955   1   1
   1   3   4   6   2   0   0   0 -0.3772   1   1
   1   3   4   6   4   0   0   0 -0.9006   1   1
   1   3   5   4   2   0   0   0  0.9028   1   1
   1   3   5   4   4   0   0   0  0.8953   1   1
   1   3   5   5   2   0   0   0 -0.1262   1   1
   1   3   5   5   4   0   0   0  1.3120   1   1
   1   3   5   6   4   0   0   0  2.3015   1   1
   1   3   6   4   2   0   0   0 -0.6383   1   1
   1   3   6   4   4   0   0   0  3.9557   1   1
   1   3   6   5   4   0   0   0  4.2840   1   1
   1   3   6   6   2   0   0   0 -1.0470   1   1
   2   1   4   4   2   0   0   0  1.4883   1   1
   2   1   4   4   4   0   0   0 -1.8123   1   1
   2   1   4   4   6   0   0   0  1.1283   1   1
   2   1   4   5   2   0   0   0 -3.2640   1   1
   2   1   4   5   4   0   0   0  2.3768   1   1
   2   1   4   5   6   0   0   0 -2.3397   1   1
   2   1   4   5   8   0   0   0  7.0880   1   1
   2   1   4   6   2   0   0   0  0.9028   1   1
   2   1   4   6   4   0   0   0  0.8953   1   1
   2   1   5   4   2   0   0   0  0.3149   1   1
   2   1   5   4   4   0   0   0 -2.0427   1   1
   2   1   5   4   6   0   0   0  1.6548   1   1
   2   1   5   4   8   0   0   0 -4.8258   1   1
   2   1   5   5   2   0   0   0 -1.3532   1   1
   2   1   5   5   4   0   0   0 -4.0831   1   1
   2   1   5   5   6   0   0   0  1.3483   1   1
   2   1   5   5   8   0   0   0 -4.3214   1   1
   2   1   5   6   4   0   0   0 -1.0813   1   1
   2   1   5   6   6   0   0   0  0.7267   1   1
   2   1   6   4   2   0   0   0 -0.0074   1   1
   2   1   6   4   4   0   0   0 -0.4955   1   1
   2   1   6   5   4   0   0   0 -2.2066   1   1
   2   1   6   5   6   0   0   0  0.4147   1   1
   2   1   6   6   2   0   0   0 -0.9327   1   1
   2   2   4   4   0   0   0   0 -9.0637   1   1
   2   2   4   4   2   0   0   0  1.3931   1   1
   2   2   4   4   4   0   0   0 -4.7581   1   1
   2   2   4   4   6   0   0   0  2.0279   1   1
   2   2   4   5   2   0   0   0  1.3532   1   1
   2   2   4   5   4   0   0   0  4.0831   1   1
   2   2   4   5   6   0   0   0 -1.3483   1   1
   2   2   4   5   8   0   0   0  4.3214   1   1
   2   2   4   6   2   0   0   0 -0.1262   1   1
   2   2   4   6   4   0   0   0  1.3120   1   1
   2   2   5   4   2   0   0   0 -1.3532   1   1
   2   2   5   4   4   0   0   0 -4.0831   1   1
   2   2   5   4   6   0   0   0  1.3483   1   1
   2   2   5   4   8   0   0   0 -4.3214   1   1
   2   2   5   5   0   0   0   0-11.2646   1   1
   2   2   5   5   2   0   0   0  5.6420   1   1
   2   2   5   5   4   0   0   0 -5.8841   1   1
   2   2   5   5   6   0   0   0  3.0369   1   1
   2   2   5   5   8   0   0   0 -2.5833   1   1
   2   2   5   5  10   0   0   0  0.0286   1   1
   2   2   5   6   4   0   0   0 -2.5159   1   1
   2   2   5   6   6   0   0   0 -0.1279   1   1
   2   2   6   4   2   0   0   0  0.1262   1   1
   2   2   6   4   4   0   0   0 -1.3120   1   1
   2   2   6   5   4   0   0   0 -2.5159   1   1
   2   2   6   5   6   0   0   0 -0.1279   1   1
   2   2   6   6   0   0   0   0 -4.1260   1   1
   2   2   6   6   2   0   0   0  1.7790   1   1
   2   3   4   4   4   0   0   0 -1.2658   1   1
   2   3   4   4   6   0   0   0 -0.9569   1   1
   2   3   4   5   4   0   0   0  2.2066   1   1
   2   3   4   5   6   0   0   0 -0.4147   1   1
   2   3   4   6   4   0   0   0  2.3015   1   1
   2   3   5   4   4   0   0   0 -1.0813   1   1
   2   3   5   4   6   0   0   0  0.7267   1   1
   2   3   5   5   4   0   0   0 -2.5159   1   1
   2   3   5   5   6   0   0   0 -0.1279   1   1
   2   3   5   6   4   0   0   0 -1.5925   1   1
   2   3   5   6   6   0   0   0 -0.5520   1   1
   2   3   6   4   4   0   0   0 -4.2840   1   1
   2   3   6   5   4   0   0   0 -6.0058   1   1
   2   3   6   5   6   0   0   0  0.3566   1   1
   3   1   4   4   2   0   0   0 -0.0387   1   1
   3   1   4   4   4   0   0   0 -1.0936   1   1
   3   1   4   5   2   0   0   0  0.9028   1   1
   3   1   4   5   4   0   0   0  0.8953   1   1
   3   1   4   6   2   0   0   0 -0.6383   1   1
   3   1   4   6   4   0   0   0  3.9557   1   1
   3   1   5   4   2   0   0   0 -0.0074   1   1
   3   1   5   4   4   0   0   0 -0.4955   1   1
   3   1   5   5   2   0   0   0  0.1262   1   1
   3   1   5   5   4   0   0   0 -1.3120   1   1
   3   1   5   6   4   0   0   0 -4.2840   1   1
   3   1   6   4   2   0   0   0 -0.3772   1   1
   3   1   6   4   4   0   0   0 -0.9006   1   1
   3   1   6   5   4   0   0   0 -2.3015   1   1
   3   1   6   6   2   0   0   0  1.0470   1   1
   3   2   4   4   4   0   0   0 -1.2658   1   1
   3   2   4   4   6   0   0   0 -0.9569   1   1
   3   2   4   5   4   0   0   0  1.0813   1   1
   3   2   4   5   6   0   0   0 -0.7267   1   1
   3   2   4   6   4   0   0   0  4.2840   1   1
   3   2   5   4   4   0   0   0 -2.2066   1   1
   3   2   5   4   6   0   0   0  0.4147   1   1
   3   2   5   5   4   0   0   0 -2.5159   1   1
   3   2   5   5   6   0   0   0 -0.1279   1   1
   3   2   5   6   4   0   0   0 -6.0058   1   1
   3   2   5   6   6   0   0   0  0.3566   1   1
   3   2   6   4   4   0   0   0 -2.3015   1   1
   3   2   6   5   4   0   0   0 -1.5925   1   1
   3   2   6   5   6   0   0   0 -0.5520   1   1
   3   3   4   4   0   0   0   0 -3.5082   1   1
   3   3   4   4   2   0   0   0 -0.8755   1   1
   3   3   4   5   2   0   0   0  0.9327   1   1
   3   3   4   6   2   0   0   0 -1.0470   1   1
   3   3   5   4   2   0   0   0 -0.9327   1   1
   3   3   5   5   0   0   0   0 -4.1260   1   1
   3   3   5   5   2   0   0   0  1.7790   1   1
   3   3   6   4   2   0   0   0  1.0470   1   1
   3   3   6   6   0   0   0   0 -5.9552   1   1
   3   3   6   6   2   0   0   0  1.6237   1   1
   4   4   1   1   0   0   0   0 -6.5322   1   1
   4   4   1   1   2   0   0   0  2.7408   1   1
   4   4   1   1   4   0   0   0 -3.5081   1   1
   4   4   1   1   6   0   0   0  0.9718   1   1
   4   4   1   2   2   0   0   0 -1.4883   1   1
   4   4   1   2   4   0   0   0  1.8123   1   1
   4   4   1   2   6   0   0   0 -1.1283   1   1
   4   4   1   3   2   0   0   0  0.0387   1   1
   4   4   1   3   4   0   0   0  1.0936   1   1
   4   4   2   1   2   0   0   0  1.4883   1   1
   4   4   2   1   4   0   0   0 -1.8123   1   1
   4   4   2   1   6   0   0   0  1.1283   1   1
   4   4   2   2   0   0   0   0 -9.0637   1   1
   4   4   2   2   2   0   0   0  1.3931   1   1
   4   4   2   2   4   0   0   0 -4.7581   1   1
   4   4   2   2   6   0   0   0  2.0279   1   1
   4   4   2   3   4   0   0   0 -1.2658   1   1
   4   4   2   3   6   0   0   0 -0.9569   1   1
   4   4   3   1   2   0   0   0 -0.0387   1   1
   4   4   3   1   4   0   0   0 -1.0936   1   1
   4   4   3   2   4   0   0   0 -1.2658   1   1
   4   4   3   2   6   0   0   0 -0.9569   1   1
   4   4   3   3   0   0   0   0 -3.5082   1   1
   4   4   3   3   2   0   0   0 -0.8755   1   1
   4   5   1   1   2   0   0   0 -1.4883   1   1
   4   5   1   1   4   0   0   0  1.8123   1   1
   4   5   1   1   6   0   0   0 -1.1283   1   1
   4   5   1   2   2   0   0   0  0.3149   1   1
   4   5   1   2   4   0   0   0 -2.0427   1   1
   4   5   1   2   6   0   0   0  1.6548   1   1
   4   5   1   2   8   0   0   0 -4.8258   1   1
   4   5   1   3   2   0   0   0 -0.0074   1   1
   4   5   1   3   4   0   0   0 -0.4955   1   1
   4   5   2   1   2   0   0   0 -3.2640   1   1
   4   5   2   1   4   0   0   0  2.3768   1   1
   4   5   2   1   6   0   0   0 -2.3397   1   1
   4   5   2   1   8   0   0   0  7.0880   1   1
   4   5   2   2   2   0   0   0  1.3532   1   1
   4   5   2   2   4   0   0   0  4.0831   1   1
   4   5   2   2   6   0   0   0 -1.3483   1   1
   4   5   2   2   8   0   0   0  4.3214   1   1
   4   5   2   3   4   0   0   0  2.2066   1   1
   4   5   2   3   6   0   0   0 -0.4147   1   1
   4   5   3   1   2   0   0   0  0.9028   1   1
   4   5   3   1   4   0   0   0  0.8953   1   1
   4   5   3   2   4   0   0   0  1.0813   1   1
   4   5   3   2   6   0   0   0 -0.7267   1   1
   4   5   3   3   2   0   0   0  0.9327   1   1
   4   6   1   1   2   0   0   0  0.0387   1   1
   4   6   1   1   4   0   0   0  1.0936   1   1
   4   6   1   2   2   0   0   0 -0.0074   1   1
   4   6   1   2   4   0   0   0 -0.4955   1   1
   4   6   1   3   2   0   0   0 -0.3772   1   1
   4   6   1   3   4   0   0   0 -0.9006   1   1
   4   6   2   1   2   0   0   0  0.9028   1   1
   4   6   2   1   4   0   0   0  0.8953   1   1
   4   6   2   2   2   0   0   0 -0.1262   1   1
   4   6   2   2   4   0   0   0  1.3120   1   1
   4   6   2   3   4   0   0   0  2.3015   1   1
   4   6   3   1   2   0   0   0 -0.6383   1   1
   4   6   3   1   4   0   0   0  3.9557   1   1
   4   6   3   2   4   0   0   0  4.2840   1   1
   4   6   3   3   2   0   0   0 -1.0470   1   1
   5   4   1   1   2   0   0   0  1.4883   1   1
   5   4   1   1   4   0   0   0 -1.8123   1   1
   5   4   1   1   6   0   0   0  1.1283   1   1
   5   4   1   2   2   0   0   0 -3.2640   1   1
   5   4   1   2   4   0   0   0  2.3768   1   1
   5   4   1   2   6   0   0   0 -2.3397   1   1
   5   4   1   2   8   0   0   0  7.0880   1   1
   5   4   1   3   2   0   0   0  0.9028   1   1
   5   4   1   3   4   0   0   0  0.8953   1   1
   5   4   2   1   2   0   0   0  0.3149   1   1
   5   4   2   1   4   0   0   0 -2.0427   1   1
   5   4   2   1   6   0   0   0  1.6548   1   1
   5   4   2   1   8   0   0   0 -4.8258   1   1
   5   4   2   2   2   0   0   0 -1.3532   1   1
   5   4   2   2   4   0   0   0 -4.0831   1   1
   5   4   2   2   6   0   0   0  1.3483   1   1
   5   4   2   2   8   0   0   0 -4.3214   1   1
   5   4   2   3   4   0   0   0 -1.0813   1   1
   5   4   2   3   6   0   0   0  0.7267   1   1
   5   4   3   1   2   0   0   0 -0.0074   1   1
   5   4   3   1   4   0   0   0 -0.4955   1   1
   5   4   3   2   4   0   0   0 -2.2066   1   1
   5   4   3   2   6   0   0   0  0.4147   1   1
   5   4   3   3   2   0   0   0 -0.9327   1   1
   5   5   1   1   0   0   0   0 -9.0637   1   1
   5   5   1   1   2   0   0   0  1.3931   1   1
   5   5   1   1   4   0   0   0 -4.7581   1   1
   5   5   1   1   6   0   0   0  2.0279   1   1
   5   5   1   2   2   0   0   0  1.3532   1   1
   5   5   1   2   4   0   0   0  4.0831   1   1
   5   5   1   2   6   0   0   0 -1.3483   1   1
   5   5   1   2   8   0   0   0  4.3214   1   1
   5   5   1   3   2   0   0   0 -0.1262   1   1
   5   5   1   3   4   0   0   0  1.3120   1   1
   5   5   2   1   2   0   0   0 -1.3532   1   1
   5   5   2   1   4   0   0   0 -4.0831   1   1
   5   5   2   1   6   0   0   0  1.3483   1   1
   5   5   2   1   8   0   0   0 -4.3214   1   1
   5   5   2   2   0   0   0   0-11.2646   1   1
   5   5   2   2   2   0   0   0  5.6420   1   1
   5   5   2   2   4   0   0   0 -5.8841   1   1
   5   5   2   2   6   0   0   0  3.0369   1   1
   5   5   2   2   8   0   0   0 -2.5833   1   1
   5   5   2   2  10   0   0   0  0.0286   1   1
   5   5   2   3   4   0   0   0 -2.5159   1   1
   5   5   2   3   6   0   0   0 -0.1279   1   1
   5   5   3   1   2   0   0   0  0.1262   1   1
   5   5   3   1   4   0   0   0 -1.3120   1   1
   5   5   3   2   4   0   0   0 -2.5159   1   1
   5   5   3   2   6   0   0   0 -0.1279   1   1
   5   5   3   3   0   0   0   0 -4.1260   1   1
   5   5   3   3   2   0   0   0  1.7790   1   1
   5   6   1   1   4   0   0   0 -1.2658   1   1
   5   6   1   1   6   0   0   0 -0.9569   1   1
   5   6   1   2   4   0   0   0  2.2066   1   1
   5   6   1   2   6   0   0   0 -0.4147   1   1
   5   6   1   3   4   0   0   0  2.3015   1   1
   5   6   2   1   4   0   0   0 -1.0813   1   1
   5   6   2   1   6   0   0   0  0.7267   1   1
   5   6   2   2   4   0   0   0 -2.5159   1   1
   5   6   2   2   6   0   0   0 -0.1279   1   1
   5   6   2   3   4   0   0   0 -1.5925   1   1
   5   6   2   3   6   0   0   0 -0.5520   1   1
   5   6   3   1   4   0   0   0 -4.2840   1   1
   5   6   3   2   4   0   0   0 -6.0058   1   1
   5   6   3   2   6   0   0   0  0.3566   1   1
   6   4   1   1   2   0   0   0 -0.0387   1   1
   6   4   1   1   4   0   0   0 -1.0936   1   1
   6   4   1   2   2   0   0   0  0.9028   1   1
   6   4   1   2   4   0   0   0  0.8953   1   1
   6   4   1   3   2   0   0   0 -0.6383   1   1
   6   4   1   3   4   0   0   0  3.9557   1   1
   6   4   2   1   2   0   0   0 -0.0074   1   1
   6   4   2   1   4   0   0   0 -0.4955   1   1
   6   4   2   2   2   0   0   0  0.1262   1   1
   6   4   2   2   4   0   0   0 -1.3120   1   1
   6   4   2   3   4   0   0   0 -4.2840   1   1
   6   4   3   1   2   0   0   0 -0.3772   1   1
   6   4   3   1   4   0   0   0 -0.9006   1   1
   6   4   3   2   4   0   0   0 -2.3015   1   1
   6   4   3   3   2   0   0   0  1.0470   1   1
   6   5   1   1   4   0   0   0 -1.2658   1   1
   6   5   1   1   6   0   0   0 -0.9569   1   1
   6   5   1   2   4   0   0   0  1.0813   1   1
   6   5   1   2   6   0   0   0 -0.7267   1   1
   6   5   1   3   4   0   0   0  4.2840   1   1
   6   5   2   1   4   0   0   0 -2.2066   1   1
   6   5   2   1   6   0   0   0  0.4147   1   1
   6   5   2   2   4   0   0   0 -2.5159   1   1
   6   5   2   2   6   0   0   0 -0.1279   1   1
   6   5   2   3   4   0   0   0 -6.0058   1   1
   6   5   2   3   6   0   0   0  0.3566   1   1
   6   5   3   1   4   0   0   0 -2.3015   1   1
   6   5   3   2   4   0   0   0 -1.5925   1   1
   6   5   3   2   6   0   0   0 -0.5520   1   1
   6   6   1   1   0   0   0   0 -3.5082   1   1
   6   6   1   1   2   0   0   0 -0.8755   1   1
   6   6   1   2   2   0   0   0  0.9327   1   1
   6   6   1   3   2   0   0   0 -1.0470   1   1
   6   6   2   1   2   0   0   0 -0.9327   1   1
   6   6   2   2   0   0   0   0 -4.1260   1   1
   6   6   2   2   2   0   0   0  1.7790   1   1
   6   6   3   1   2   0   0   0  1.0470   1   1
   6   6   3   3   0   0   0   0 -5.9552   1   1
   6   6   3   3   2   0   0   0  1.6237   1   1
