ho             
   50
   23   10   13   10   13
    0    0    1  -0.00000  -0.00000   2.00000   2.00000
    0    1    3  -0.00000  -0.00000   4.00000   4.00000
    0    1    1  -0.00000  -0.00000   2.00000   2.00000
    0    2    5  -0.00000  -0.00000   2.00000   5.00000
    0    2    3  -0.00000  -0.00000   0.00000   0.00000
    1    0    1  -0.00000  -0.00000   0.00000   0.00000
    0    3    7  -0.00000  -0.00000   0.00000   0.00000
    0    3    5  -0.00000  -0.00000   0.00000   0.00000
    1    1    3  -0.00000  -0.00000   0.00000   0.00000
    1    1    1  -0.00000  -0.00000   0.00000   0.00000
    0    4    9  -0.00000  -0.00000   0.00000   0.00000
    0    4    7   0.00000   0.00000   0.00000   0.00000
    1    2    5   0.00000   0.00000   0.00000   0.00000
    1    2    3   0.00000   0.00000   0.00000   0.00000
    2    0    1   0.00000   0.00000   0.00000   0.00000
    0    5   11   0.00000   0.00000   0.00000   0.00000
    0    5    9   0.00000   0.00000   0.00000   0.00000
    1    3    7   0.00000   0.00000   0.00000   0.00000
    1    3    5   0.00000   0.00000   0.00000   0.00000
    2    1    3   0.00000   0.00000   0.00000   0.00000
    2    1    1   0.00000   0.00000   0.00000   0.00000
    0    6   13   0.00000   0.00000   0.00000   0.00000
    0    6   11   0.00000   0.00000   0.00000   0.00000
    1    4    9   0.00000   0.00000   0.00000   0.00000
    1    4    7   0.00000   0.00000   0.00000   0.00000
    2    2    5   0.00000   0.00000   0.00000   0.00000
    2    2    3   0.00000   0.00000   0.00000   0.00000
    3    0    1   0.00000   0.00000   0.00000   0.00000
    0    7   15   0.00000   0.00000   0.00000   0.00000
    0    7   13   0.00000   0.00000   0.00000   0.00000
    1    5   11   0.00000   0.00000   0.00000   0.00000
    1    5    9   0.00000   0.00000   0.00000   0.00000
    2    3    7   0.00000   0.00000   0.00000   0.00000
    2    3    5   0.00000   0.00000   0.00000   0.00000
    3    1    3   0.00000   0.00000   0.00000   0.00000
    3    1    1   0.00000   0.00000   0.00000   0.00000
    0    8   17   0.00000   0.00000   0.00000   0.00000
    0    8   15   0.00000   0.00000   0.00000   0.00000
    1    6   13   0.00000   0.00000   0.00000   0.00000
    1    6   11   0.00000   0.00000   0.00000   0.00000
    2    4    9   0.00000   0.00000   0.00000   0.00000
    2    4    7   0.00000   0.00000   0.00000   0.00000
    3    2    5   0.00000   0.00000   0.00000   0.00000
    3    2    3   0.00000   0.00000   0.00000   0.00000
    4    0    1   0.00000   0.00000   0.00000   0.00000
    0    9   19   0.00000   0.00000   0.00000   0.00000
    0    9   17   0.00000   0.00000   0.00000   0.00000
    1    7   15   0.00000   0.00000   0.00000   0.00000
    1    7   13   0.00000   0.00000   0.00000   0.00000
    2    5   11   0.00000   0.00000   0.00000   0.00000
