# Levels from Experiments vs. USDA, USDB

#Oxygen 18

-1.5	0.0	0+
-0.5	0.0

-1.5	1.982	2+
-0.5	1.982	

-1.5	3.555	4+
-0.5	3.555

-1.5	3.634	0+
-0.5	3.634

-1.5	5.255	2+
-0.5	5.255


1.5	0	0+
2.5	0

1.5	1.998	2+
2.5	1.998

1.5	3.527	4+
2.5	3.527 

1.5	4.360	2+
2.5	4.360

1.5	4.592	0+
2.5	4.592


0.0	0	0+
1.0	0

0.0 2.023	2+
1.0	2.023

0.0	3.354	4+
1.0	3.354

0.0	4.151	2+
1.0	4.151

0.0 4.273	0+
1.0 4.273

#Oxygen 19

5.0	0.000	5/2+
6.0	0.000	

5.0	0.096	3/2+
6.0	0.096

5.0	1.471	1/2+
6.0	1.471

5.0	2.371	9/2+
6.0	2.371

5.0	2.779	7/2+
6.0	2.779

5.0 3.067	(3/2+)
6.0 3.067

5.0	3.154	5/2+
6.0	3.154	


6.5	0.000	5/2+
7.5	0.000

6.5	0.278	3/2+
7.5	0.278

6.5	1.422	1/2+
7.5	1.422

6.5	2.286	9/2+
7.5	2.286

6.5	2.921	7/2+
7.5	2.921

6.5	3.362	5/2+
7.5	3.362

6.5	3.618	3/2+
7.5 3.618

8.0	0.000	5/2+
9.0	0.000

8.0	0.118	3/2+
9.0	0.118

8.0	1.567	1/2+
9.0	1.567

8.0	2.370	9/2+
9.0	2.370

8.0	2.883	7/2+
9.0	2.883

8.0	3.216	5/2+
9.0	3.216

8.0	3.802	3/2+
9.0	3.802
