   0   1   1   -0.114  0.0027                    1,1,,,-0.1149,0.0027
   1   0   1   0.8783  0.0086                    1,0,0,0,0.8783,0.0086
   1   1   2   2.1421  0.0088                    2,1,3.82007,0.00065,2.1421,0.0088
   1   2   3   1.7591  0.0363                    3,2,,,1.7591,0.0363
   2   1   3   1.9661  0.0030                    3,1,1.059,0.003,1.9661,0.0030
   2   2   4   1.6755  0.0028                    4,2,0,0,1.6755,0.0028
   2   4   6   2.0660  0.0111                    6,4,1.466,0.034,2.0660,0.0111
   2   6   8   1.9239  0.0306                    8,6,0.911,0.095,1.9239,0.0306
   3   3   6   2.5890  0.0390                    6,3,0,0,2.5890,0.0390
   3   4   7   2.4440  0.0420                    7,4,-0.731,0.022,2.4440,0.0420
   3   5   8   2.3390  0.0440                    8,5,-1.230,0.032,2.3390,0.0440
   3   6   9   2.2450  0.0460                    9,6,-1.663,0.032,2.2450,0.0460
   3   8  11   2.4820  0.0430                    11,8,-0.543,0.069,2.4820,0.0430
   4   3   7   2.6460  0.0160                    7,3,0.66,0.05,2.6460,0.0160
   4   5   9   2.5190  0.0120                    9,5,0,0,2.5190,0.0120
   4   6  10   2.3610  0.0170                    10,6,-0.79,0.08,2.3610,0.0170
   4   7  11   2.4660  0.0150                    11,7,-0.28,0.05,2.4660,0.0150
   4   8  12   2.5030  0.0150                    12,8,-0.08,0.05,2.5030,0.0150
   5   5  10   2.4277  0.0499                    10,5,,,2.4277,0.0499
   5   6  11   2.4060  0.0294                    11,6,,,2.4060,0.0294
   6   6  12   2.4702  0.0022                    12,6,,,2.4702,0.0022
   6   7  13   2.4614  0.0034                    13,7,,,2.4614,0.0034
   6   8  14   2.5025  0.0087                    14,8,,,2.5025,0.0087
   7   7  14   2.5582  0.0070                    14,7,,,2.5582,0.0070
   7   8  15   2.6058  0.0080                    15,8,,,2.6058,0.0080
   8   8  16   2.6991  0.0052                    16,8,,,2.6991,0.0052
   8   9  17   2.6932  0.0075                    17,9,,,2.6932,0.0075
   8  10  18   2.7726  0.0056                    18,10,,,2.7726,0.0056
   9  10  19   2.8976  0.0025                    19,10,,,2.8976,0.0025
  10   7  17   3.0413  0.0088                    17,7,0.221,0.029,3.0413,0.0088
  10   8  18   2.9714  0.0076                    18,8,-0.207,0.015,2.9714,0.0076
  10   9  19   3.0082  0.0040                    19,9,0.017,0.019,3.0082,0.0040
  10  10  20   3.0055  0.0021                    20,10,0,0,3.0055,0.0021
  10  11  21   2.9695  0.0033                    21,11,-0.217,0.014,2.9695,0.0033
  10  12  22   2.9525  0.0040                    22,12,-0.322,0.004,2.9525,0.0040
  10  13  23   2.9104  0.0071                    23,13,-0.572,0.034,2.9104,0.0071
  10  14  24   2.9007  0.0078                    24,14,-0.628,0.019,2.9007,0.0078
  10  15  25   2.9316  0.0088                    25,15,-0.431,0.016,2.9316,0.0088
  10  16  26   2.9251  0.0100                    26,16,-0.485,0.018,2.9251,0.0100
  10  18  28   2.9642  0.0134                    28,18,-0.241,0.035,2.9642,0.0134
  11   9  20   2.9718  0.0420                    20,9,-0.130,0.070,2.9718,0.0420
  11  10  21   3.0136  0.0284                    21,10,0.120,0.050,3.0136,0.0284
  11  11  22   2.9852  0.0169                    22,11,-0.050,0.040,2.9852,0.0169
  11  12  23   2.9936  0.0021                    23,12,0,0,2.9936,0.0021
  11  13  24   2.9735  0.0169                    24,13,-0.120,0.040,2.9735,0.0169
  11  14  25   2.9769  0.0252                    25,14,-0.100,0.030,2.9769,0.0252
  11  15  26   2.9928  0.0331                    26,15,-0.005,0.018,2.9928,0.0331
  11  16  27   3.0136  0.0467                    27,16,0.120,0.040,3.0136,0.0467
  11  17  28   3.0400  0.0581                    28,17,0.280,0.050,3.0400,0.0581
  11  18  29   3.0922  0.0723                    29,18,0.600,0.080,3.0922,0.0723
  11  19  30   3.1180  0.0884                    30,19,0.760,0.120,3.1180,0.0884
  11  20  31   3.1704  0.0893                    31,20,1.090,0.070,3.1704,0.0893
  12  10  22   3.0688  0.0052                    22,10,0.214,0.005,3.0688,0.0052
  12  11  23   3.0425  0.0039                    23,11,0.053,0.006,3.0425,0.0039
  12  12  24   3.0568  0.0018                    24,12,0.140,0.005,3.0568,0.0018
  12  13  25   3.0288  0.0020                    25,13,-0.030,0.004,3.0288,0.0020
  12  14  26   3.0337  0.0018                    26,14,0,,3.0337,0.0018
  12  15  27   3.0324  0.0022                    27,15,-0.008,0.004,3.0324,0.0022
  12  16  28   3.0691  0.0034                    28,16,0.216,0.009,3.0691,0.0034
  12  17  29   3.0756  0.0040                    29,17,0.256,0.006,3.0756,0.0040
  12  18  30   3.1107  0.0056                    30,18,0.473,0.005,3.1107,0.0056
  12  19  31   3.1486  0.0076                    31,19,0.710,0.013,3.1486,0.0076
  12  20  32   3.1861  0.0131                    32,20,0.948,0.006,3.1861,0.0131
  13  14  27   3.0610  0.0031                    27,14,,,3.0610,0.0031
  14  14  28   3.1224  0.0024                    28,14,,,3.1224,0.0024
  14  15  29   3.1176  0.0052                    29,15,,,3.1176,0.0052
  14  16  30   3.1336  0.0040                    30,16,,,3.1336,0.0040
  15  16  31   3.1889  0.0019                    31,16,,,3.1889,0.0019
  16  16  32   3.2611  0.0018                    32,16,,,3.2611,0.0018
  16  18  34   3.2847  0.0021                    34,18,,,3.2847,0.0021
  16  20  36   3.2985  0.0024                    36,20,,,3.2985,0.0024
  17  18  35   3.3654  0.0191                    35,18,,,3.3654,0.0191
  17  20  37   3.3840  0.0170                    37,20,,,3.3840,0.0170
  18  14  32   3.3468  0.0062                    32,14,-0.375,0.038,3.3468,0.0062
  18  15  33   3.3438  0.0058                    33,15,-0.395,0.021,3.3438,0.0058
  18  16  34   3.3654  0.0040                    34,16,-0.251,0.006,3.3654,0.0040
  18  17  35   3.3636  0.0042                    35,17,-0.263,0.026,3.3636,0.0042
  18  18  36   3.3905  0.0023                    36,18,-0.084,0.018,3.3905,0.0023
  18  19  37   3.3908  0.0022                    37,19,-0.081,0.009,3.3908,0.0022
  18  20  38   3.4028  0.0019                    38,20,0,0,3.4028,0.0019
  18  21  39   3.4093  0.0031                    39,21,0.044,0.067,3.4093,0.0031
  18  22  40   3.4274  0.0026                    40,22,0.167,0.009,3.4274,0.0026
  18  23  41   3.4251  0.0030                    41,23,0.151,0.012,3.4251,0.0030
  18  24  42   3.4414  0.0041                    42,24,0.262,0.012,3.4414,0.0041
  18  25  43   3.4354  0.0039                    43,25,0.221,0.014,3.4354,0.0039
  18  26  44   3.4454  0.0046                    44,26,0.289,0.009,3.4454,0.0046
  18  28  46   3.4377  0.0044                    46,28,0.237,0.022,3.4377,0.0044
  19  18  37   3.4189  0.0298                    37,18,-0.163,0.203,3.4189,0.0298
  19  19  38   3.4243  0.0260                    38,19,-0.126,0.177,3.4243,0.0260
  19  20  39   3.4373  0.0224                    39,20,0,0.153,3.4373,0.0224
  19  21  40   3.4331  0.0191                    40,21,-0.066,0.130,3.4331,0.0191
  19  22  41   3.4479  0.0161                    41,22,0.036,0.109,3.4479,0.0161
  19  23  42   3.4476  0.0132                    42,23,0.034,0.089,3.4476,0.0132
  19  24  43   3.4501  0.0105                    43,24,0.049,0.072,3.4501,0.0105
  19  25  44   3.4479  0.0078                    44,25,0.036,0.051,3.4479,0.0078
  19  26  45   3.4535  0.0058                    45,26,0.072,0.039,3.4535,0.0058
  19  27  46   3.4424  0.0034                    46,27,-0.002,0.016,3.4424,0.0034
  19  28  47   3.4427  0.0025                    47,28,0,0.000,3.4427,0.0025
  19  29  48   3.4696  0.0034                    48,29,0.186,0.016,3.4696,0.0034
  19  30  49   3.4920  0.0052                    49,30,0.342,0.032,3.4920,0.0052
  19  31  50   3.5052  0.0072                    50,31,0.434,0.048,3.5052,0.0072
  19  32  51   3.5201  0.0091                    51,32,0.538,0.062,3.5201,0.0091
  20  19  39   3.4595  0.0097                    39,19,-0.127,0.016,3.4595,0.0097
  20  20  40   3.4778  0.0012                    40,20,0,0,3.4778,0.0012
  20  21  41   3.4782  0.0047                    41,21,0.003,0.003,3.4782,0.0047
  20  22  42   3.5086  0.0054                    42,22,0.215,0.005,3.5086,0.0054
  20  23  43   3.4942  0.0051                    43,23,0.114,0.004,3.4942,0.0051
  20  24  44   3.5189  0.0047                    44,24,0.288,0.002,3.5189,0.0047
  20  25  45   3.4957  0.0049                    45,25,0.125,0.003,3.4957,0.0049
  20  26  46   3.4957  0.0048                    46,26,0.125,0.002,3.4957,0.0048
  20  27  47   3.4781  0.0050                    47,27,0.002,0.003,3.4781,0.0050
  20  28  48   3.4779  0.0050                    48,28,0.001,0.003,3.4779,0.0050
  20  29  49   3.4918  0.0053                    49,29,0.098,0.004,3.4918,0.0053
  20  30  50   3.5194  0.0051                    50,30,0.291,0.003,3.5194,0.0051
  20  31  51   3.5337  0.0051                    51,31,0.392,0.003,3.5337,0.0051
  20  32  52   3.5533  0.0056                    52,32,0.531,0.005,3.5533,0.0056
  21  21  42   3.5702  0.0238                    42,21,0.172,0.031,3.5702,0.0238
  21  22  43   3.5575  0.0147                    43,22,0.082,0.014,3.5575,0.0147
  21  23  44   3.5432  0.0016                    44,23,-0.019,0.011,3.5432,0.0016
  21  24  45   3.5459  0.0025                    45,24,0,0,3.5459,0.0025
  21  25  46   3.5243  0.0089                    46,25,-0.154,0.008,3.5243,0.0089
  22  22  44   3.6115  0.0051                    44,22,0.143,0.037,3.6115,0.0051
  22  23  45   3.5939  0.0032                    45,23,0.013,0.017,3.5939,0.0032
  22  24  46   3.6070  0.0022                    46,24,0.110,0.007,3.6070,0.0022
  22  25  47   3.5962  0.0019                    47,25,0.030,0.004,3.5962,0.0019
  22  26  48   3.5921  0.0017                    48,26,0,0,3.5921,0.0017
  22  27  49   3.5733  0.0021                    49,27,-0.139,0.009,3.5733,0.0021
  22  28  50   3.5704  0.0022                    50,28,-0.160,0.007,3.5704,0.0022
  23  28  51   3.6002  0.0022                    51,28,,,3.6002,0.0022
  24  26  50   3.6588  0.0065                    50,26,0.099,0.037,3.6588,0.0065
  24  28  52   3.6452  0.0042                    52,28,0,0,3.6452,0.0042
  24  29  53   3.6511  0.0075                    53,29,0.043,0.045,3.6511,0.0075
  24  30  54   3.6885  0.0074                    54,30,0.317,0.045,3.6885,0.0074
  25  25  50   3.7120  0.0196                    50,25,0.046,0.003,3.7120,0.0196
  25  26  51   3.7026  0.0212                    51,26,-0.023,0.045,3.7026,0.0212
  25  27  52   3.6706  0.0128                    52,27,-0.259,0.013,3.6706,0.0128
  25  28  53   3.6662  0.0076                    53,28,-0.292,0.004,3.6662,0.0076
  25  29  54   3.6834  0.0049                    54,29,-0.165,0.007,3.6834,0.0049
  25  30  55   3.7057  0.0022                    55,30,0,0,3.7057,0.0022
  25  31  56   3.7146  0.0052                    56,31,0.066,0.010,3.7146,0.0052
  26  28  54   3.6933  0.0019                    54,28,-0.330,0.001,3.6933,0.0019
  26  30  56   3.7377  0.0016                    56,30,0,0,3.7377,0.0016
  26  31  57   3.7532  0.0017                    57,31,0.108,0.001,3.7532,0.0017
  26  32  58   3.7745  0.0014                    58,32,0.274,0.002,3.7745,0.0014
  27  32  59   3.7875  0.0021                    59,32,,,3.7875,0.0021
  28  30  58   3.7757  0.0020                    58,30,-0.267,0.005,3.7757,0.0020
  28  32  60   3.8118  0.0016                    60,32,0,0,3.8118,0.0016
  28  33  61   3.8225  0.0019                    61,33,0.082,0.007,3.8225,0.0019
  28  34  62   3.8399  0.0021                    62,34,0.211,0.007,3.8399,0.0021
  28  36  64   3.8572  0.0023                    64,36,0.338,0.010,3.8572,0.0023
  29  34  63   3.8823  0.0015                    63,34,,,3.8823,0.0015
  29  36  65   3.9022  0.0014                    65,36,,,3.9022,0.0014
  30  34  64   3.9283  0.0015                    64,34,-0.162,0.002,3.9283,0.0015
  30  36  66   3.9491  0.0014                    66,36,0,0,3.9491,0.0014
  30  37  67   3.9530  0.0027                    67,37,0.032,0.003,3.9530,0.0027
  30  38  68   3.9658  0.0014                    68,38,0.131,0.002,3.9658,0.0014
  30  40  70   3.9845  0.0019                    70,40,0.286,0.003,3.9845,0.0019
  31  32  63   3.9308  0.0124                    63,32,-0.643,0.136,3.9308,0.0124
  31  33  64   3.9390  0.0110                    64,33,-0.579,0.12,3.9390,0.0110
  31  35  66   3.9706  0.0071                    66,35,-0.329,0.076,3.9706,0.0071
  31  37  68   3.9850  0.0048                    68,37,-0.214,0.049,3.9850,0.0048
  31  38  69   3.9973  0.0016                    69,38,-0.116,0.03,3.9973,0.0016
  31  39  70   3.9998  0.0027                    70,39,-0.096,0.021,3.9998,0.0027
  31  40  71   4.0118  0.0016                    71,40,0,0,4.0118,0.0016
  31  41  72   4.0318  0.0031                    72,41,0.161,0.027,4.0318,0.0031
  31  42  73   4.0420  0.0042                    73,42,0.243,0.042,4.0420,0.0042
  31  43  74   4.0395  0.0045                    74,43,0.223,0.045,4.0395,0.0045
  31  44  75   4.0472  0.0055                    75,44,0.285,0.058,4.0472,0.0055
  31  45  76   4.0460  0.0060                    76,45,0.276,0.064,4.0460,0.0060
  31  46  77   4.0500  0.0068                    77,46,0.308,0.074,4.0500,0.0068
  31  47  78   4.0453  0.0072                    78,47,0.27,0.078,4.0453,0.0072
  31  48  79   4.0478  0.0079                    79,48,0.29,0.087,4.0478,0.0079
  31  49  80   4.0418  0.0083                    80,49,0.242,0.092,4.0418,0.0083
  31  50  81   4.0441  0.0089                    81,50,0.26,0.099,4.0441,0.0089
  31  51  82   4.0671  0.0108                    82,51,0.447,0.122,4.0671,0.0108
  32  38  70   4.0414  0.0012                    70,38,,,4.0414,0.0012
  32  40  72   4.0576  0.0013                    72,40,,,4.0576,0.0013
  32  41  73   4.0632  0.0014                    73,41,,,4.0632,0.0014
  32  42  74   4.0742  0.0012                    74,42,,,4.0742,0.0012
  32  44  76   4.0811  0.0012                    76,44,,,4.0811,0.0012
  33  42  75   4.0968  0.0020                    75,42,,,4.0968,0.0020
  34  40  74   4.0700  0.0200                    74,40,,,4.0700,0.0200
  34  42  76   4.1395  0.0016                    76,42,,,4.1395,0.0016
  34  43  77   4.1395  0.0018                    77,43,,,4.1395,0.0018
  34  44  78   4.1406  0.0017                    78,44,,,4.1406,0.0017
  34  46  80   4.1400  0.0018                    80,46,,,4.1400,0.0018
  34  48  82   4.1400  0.0019                    82,48,,,4.1400,0.0019
  35  44  79   4.1629  0.0021                    79,44,,,4.1629,0.0021
  35  46  81   4.1599  0.0021                    81,46,,,4.1599,0.0021
  36  36  72   4.1635  0.0060                    72,36,-0.168,0.018,4.1635,0.0060
  36  38  74   4.1870  0.0041                    74,38,0.030,0.005,4.1870,0.0041
  36  39  75   4.2097  0.0041                    75,39,0.221,0.007,4.2097,0.0041
  36  40  76   4.2020  0.0036                    76,40,0.156,0.004,4.2020,0.0036
  36  41  77   4.2082  0.0037                    77,41,0.209,0.005,4.2082,0.0037
  36  42  78   4.2038  0.0033                    78,42,0.172,0.003,4.2038,0.0033
  36  43  79   4.2034  0.0032                    79,43,0.168,0.004,4.2034,0.0032
  36  44  80   4.1970  0.0029                    80,44,0.114,0.007,4.1970,0.0029
  36  45  81   4.1952  0.0026                    81,45,0.099,0.004,4.1952,0.0026
  36  46  82   4.1919  0.0025                    82,46,0.071,0.003,4.1919,0.0025
  36  47  83   4.1871  0.0023                    83,47,0.031,0.003,4.1871,0.0023
  36  48  84   4.1884  0.0022                    84,48,0.042,0.001,4.1884,0.0022
  36  49  85   4.1846  0.0022                    85,49,0.009,0.004,4.1846,0.0022
  36  50  86   4.1835  0.0021                    86,50,0,0,4.1835,0.0021
  36  51  87   4.1984  0.0027                    87,51,0.125,0.003,4.1984,0.0027
  36  52  88   4.2171  0.0043                    88,52,0.282,0.004,4.2171,0.0043
  36  53  89   4.2286  0.0054                    89,53,0.379,0.004,4.2286,0.0054
  36  54  90   4.2423  0.0069                    90,54,0.495,0.010,4.2423,0.0069
  36  55  91   4.2543  0.0081                    91,55,0.597,0.006,4.2543,0.0081
  36  56  92   4.2724  0.0099                    92,56,0.751,0.005,4.2724,0.0099
  36  57  93   4.2794  0.0107                    93,57,0.811,0.004,4.2794,0.0107
  36  58  94   4.3002  0.0129                    94,58,0.989,0.004,4.3002,0.0129
  36  59  95   4.3067  0.0136                    95,59,1.045,0.003,4.3067,0.0136
  36  60  96   4.3267  0.0158                    96,60,1.217,0.010,4.3267,0.0158
  37  37  74   4.1936  0.0162                    74,37,-0.045,0.018,4.1936,0.0162
  37  38  75   4.2306  0.0147                    75,38,0.266,0.004,4.2306,0.0147
  37  39  76   4.2343  0.0134                    76,39,0.2980,0.0030,4.2343,0.0134
  37  40  77   4.2406  0.0120                    77,40,0.3514,0.0079,4.2406,0.0120
  37  41  78   4.2434  0.0107                    78,41,0.3746,0.0026,4.2434,0.0107
  37  42  79   4.2321  0.0095                    79,42,0.2788,0.0021,4.2321,0.0095
  37  43  80   4.2306  0.0083                    80,43,0.2664,0.0077,4.2306,0.0083
  37  44  81   4.2239  0.0072                    81,44,0.2099,0.0025,4.2239,0.0072
  37  45  82   4.2185  0.0061                    82,45,0.1642,0.0074,4.2185,0.0061
  37  46  83   4.2072  0.0051                    83,46,0.0687,0.0018,4.2072,0.0051
  37  47  84   4.2009  0.0042                    84,47,0.0163,0.0037,4.2009,0.0042
  37  48  85   4.2040  0.0034                    85,48,0.0420,0.0001,4.2040,0.0034
  37  49  86   4.2030  0.0028                    86,49,0.0335,0.0035,4.2030,0.0028
  37  50  87   4.1990  0.0026                    87,50,0,0,4.1990,0.0026
  37  51  88   4.2173  0.0028                    88,51,0.1538,0.0090,4.2173,0.0028
  37  52  89   4.2399  0.0033                    89,52,0.3448,0.0035,4.2399,0.0033
  37  53  90   4.2563  0.0040                    90,53,0.4843,0.0090,4.2563,0.0040
  37  54  91   4.2734  0.0048                    91,54,0.6300,0.0041,4.2734,0.0048
  37  55  92   4.2916  0.0056                    92,55,0.7862,0.0092,4.2916,0.0056
  37  56  93   4.3069  0.0064                    93,56,0.9177,0.0037,4.3069,0.0064
  37  57  94   4.3204  0.0072                    94,57,1.0345,0.0041,4.3204,0.0072
  37  58  95   4.3415  0.0080                    95,58,1.2174,0.0067,4.3415,0.0080
  37  59  96   4.3526  0.0088                    96,59,1.3134,0.0085,4.3526,0.0088
  37  60  97   4.4275  0.0095                    97,60,1.9708,0.0070,4.4275,0.0095
  37  61  98   4.4379  0.0108                    98,61,2.0630,0.0090,4.4379,0.0108
  38  39  77   4.2569  0.0044                    77,39,0.253,0.012,4.2569,0.0044
  38  40  78   4.2561  0.0040                    78,40,0.247,0.008,4.2561,0.0040
  38  41  79   4.2586  0.0039                    79,41,0.266,0.006,4.2586,0.0039
  38  42  80   4.2562  0.0037                    80,42,0.248,0.007,4.2562,0.0037
  38  43  81   4.2547  0.0034                    81,43,0.236,0.006,4.2547,0.0034
  38  44  82   4.2478  0.0030                    82,44,0.182,0.006,4.2478,0.0030
  38  45  83   4.2455  0.0027                    83,45,0.165,0.004,4.2455,0.0027
  38  46  84   4.2394  0.0024                    84,46,0.118,0.003,4.2394,0.0024
  38  47  85   4.2304  0.0021                    85,47,0.049,0.003,4.2304,0.0021
  38  48  86   4.2307  0.0020                    86,48,0.051,0.002,4.2307,0.0020
  38  49  87   4.2249  0.0019                    87,49,0.007,0.002,4.2249,0.0019
  38  50  88   4.2240  0.0018                    88,50,0,0,4.2240,0.0018
  38  51  89   4.2407  0.0023                    89,51,0.126,0.001,4.2407,0.0023
  38  52  90   4.2611  0.0037                    90,52,0.282,0.004,4.2611,0.0037
  38  53  91   4.2740  0.0046                    91,53,0.381,0.003,4.2740,0.0046
  38  54  92   4.2924  0.0064                    92,54,0.522,0.005,4.2924,0.0064
  38  55  93   4.3026  0.0075                    93,55,0.601,0.004,4.3026,0.0075
  38  56  94   4.3191  0.0091                    94,56,0.728,0.006,4.3191,0.0091
  38  57  95   4.3305  0.0102                    95,57,0.817,0.005,4.3305,0.0102
  38  58  96   4.3522  0.0125                    96,58,0.986,0.006,4.3522,0.0125
  38  59  97   4.3625  0.0135                    97,59,1.067,0.007,4.3625,0.0135
  38  60  98   4.4377  0.0214                    98,60,1.656,0.006,4.4377,0.0214
  38  61  99   4.4495  0.0226                    99,61,1.750,0.008,4.4495,0.0226
  38  62 100   4.4640  0.0240                    100,62,1.867,0.015,4.4640,0.0240
  39  47  86   4.2513  0.0023                    86,47,0.071,0.003,4.2513,0.0023
  39  48  87   4.2498  0.0022                    87,48,0.058,0.002,4.2498,0.0022
  39  49  88   4.2441  0.0021                    88,49,0.009,0.001,4.2441,0.0021
  39  50  89   4.2430  0.0021                    89,50,0,0,4.2430,0.0021
  39  51  90   4.2573  0.0026                    90,51,0.123,0.001,4.2573,0.0026
  39  53  92   4.2887  0.0050                    92,53,0.393,0.001,4.2887,0.0050
  39  54  93   4.3052  0.0065                    93,54,0.537,0.002,4.3052,0.0065
  39  55  94   4.3142  0.0074                    94,55,0.614,0.001,4.3142,0.0074
  39  56  95   4.3284  0.0087                    95,56,0.738,0.002,4.3284,0.0087
  39  57  96   4.3402  0.0099                    96,57,0.840,0.001,4.3402,0.0099
  39  58  97   4.3580  0.0116                    97,58,0.996,0.002,4.3580,0.0116
  39  59  98   4.3711  0.0129                    98,59,1.110,0.001,4.3711,0.0129
  39  60  99   4.4658  0.0223                    99,60,1.943,0.001,4.4658,0.0223
  39  61 100   4.4705  0.0228                    100,61,1.985,0.001,4.4705,0.0228
  39  62 101   4.4863  0.0244                    101,62,2.127,0.001,4.4863,0.0244
  39  63 102   4.4911  0.0249                    102,63,2.173,0.002,4.4911,0.0249
  40  47  87   4.2789  0.0030                    87,47,0.059,0.005,4.2789,0.0030
  40  48  88   4.2787  0.0025                    88,48,0.061,0.005,4.2787,0.0025
  40  49  89   4.2706  0.0010                    89,49,0.006,0.005,4.2706,0.0010
  40  50  90   4.2694  0.0010                    90,50,0,0,4.2694,0.0010
  40  51  91   4.2845  0.0013                    91,51,0.132,0.003,4.2845,0.0013
  40  52  92   4.3057  0.0013                    92,52,0.314,0.004,4.3057,0.0013
  40  54  94   4.3320  0.0013                    94,54,0.546,0.003,4.3320,0.0013
  40  56  96   4.3512  0.0015                    96,56,0.72,0.006,4.3512,0.0015
  40  57  97   4.3792  0.0136                    97,57,0.835,0.005,4.3792,0.0136
  40  58  98   4.4012  0.0164                    98,58,1.002,0.005,4.4012,0.0164
  40  59  99   4.4156  0.0181                    99,59,1.113,0.004,4.4156,0.0181
  40  60 100   4.4891  0.0289                    100,60,1.669,0.004,4.4891,0.0289
  40  61 101   4.5119  0.0318                    101,61,1.847,0.005,4.5119,0.0318
  40  62 102   4.5292  0.0340                    102,62,1.983,0.005,4.5292,0.0340
  41  49  90   4.2891  0.0040                    90,49,-0.301,0.004,4.2891,0.0040
  41  50  91   4.2878  0.0040                    91,50,-0.312,0.001,4.2878,0.0040
  41  51  92   4.3026  0.0043                    92,51,-0.185,0.002,4.3026,0.0043
  41  52  93   4.3240  0.0017                    93,52,0,0,4.3240,0.0017
  41  58  99   4.4062  0.0125                    99,58,0.716,0.009,4.4062,0.0125
  41  60 101   4.4861  0.0203                    101,60,1.419,0.002,4.4861,0.0203
  41  62 103   4.5097  0.0227                    103,62,1.630,0.002,4.5097,0.0227
  42  48  90   4.3265  0.0016                    90,48,0.113,0.001,4.3265,0.0016
  42  49  91   4.3182  0.0012                    91,49,0.033,0.002,4.3182,0.0012
  42  50  92   4.3151  0.0012                    92,50,0,0,4.3151,0.0012
  42  52  94   4.3529  0.0013                    94,52,0.334,0.001,4.3529,0.0013
  42  53  95   4.3628  0.0018                    95,53,0.421,0.001,4.3628,0.0018
  42  54  96   4.3847  0.0015                    96,54,0.617,0.001,4.3847,0.0015
  42  55  97   4.3880  0.0015                    97,55,0.644,0.001,4.3880,0.0015
  42  56  98   4.4091  0.0018                    98,56,0.834,0.001,4.4091,0.0018
  42  58 100   4.4468  0.0025                    100,58,1.177,0.001,4.4468,0.0025
  42  60 102   4.4914  0.0038                    102,60,1.585,0.003,4.4914,0.0038
  42  61 103   4.5145  0.0046                    103,61,1.798,0.003,4.5145,0.0046
  42  62 104   4.5249  0.0051                    104,62,1.893,0.002,4.5249,0.0051
  42  63 105   4.5389  0.0057                    105,63,2.021,0.003,4.5389,0.0057
  42  64 106   4.5490  0.0058                    106,64,2.113,0.003,4.5490,0.0058
  42  66 108   4.5602  0.0067                    108,66,2.213,0.003,4.5602,0.0067
  44  52  96   4.3908  0.0047                    96,52,-1.069,0.003,4.3908,0.0047
  44  54  98   4.4229  0.0055                    98,54,-0.772,0.005,4.4229,0.0055
  44  55  99   4.4338  0.0042                    99,55,-0.68,0.004,4.4338,0.0042
  44  56 100   4.4531  0.0031                    100,56,-0.506,0.003,4.4531,0.0031
  44  57 101   4.4606  0.0020                    101,57,-0.444,0.005,4.4606,0.0020
  44  58 102   4.4809  0.0018                    102,58,-0.263,0.004,4.4809,0.0018
  44  60 104   4.5098  0.0020                    104,60,0,0,4.5098,0.0020
  45  58 103   4.4945  0.0023                    103,58,,,4.4945,0.0023
  46  56 102   4.4827  0.0044                    102,56,-0.675,0.003,4.4827,0.0044
  46  58 104   4.5078  0.0027                    104,58,-0.445,0.002,4.5078,0.0027
  46  59 105   4.5150  0.0030                    105,59,-0.377,0.002,4.5150,0.0030
  46  60 106   4.5318  0.0029                    106,60,-0.227,0.001,4.5318,0.0029
  46  62 108   4.5563  0.0027                    108,62,0,0,4.5563,0.0027
  46  64 110   4.5782  0.0030                    110,64,0.205,0.001,4.5782,0.0030
  47  54 101   4.4799  0.0088                    101,54,-0.670,0.003,4.4799,0.0088
  47  56 103   4.5036  0.0065                    103,56,-0.482,0.002,4.5036,0.0065
  47  57 104   4.5119  0.0058                    104,57,-0.416,0.002,4.5119,0.0058
  47  58 105   4.5269  0.0045                    105,58,-0.296,0.002,4.5269,0.0045
  47  60 107   4.5454  0.0031                    107,60,-0.148,0.001,4.5454,0.0031
  47  62 109   4.5638  0.0025                    109,62,0,0,4.5638,0.0025
  48  54 102   4.4810  0.0122                    102,54,-1.010,0.045,4.4810,0.0122
  48  55 103   4.4951  0.0105                    103,55,-0.901,0.027,4.4951,0.0105
  48  56 104   4.5122  0.0083                    104,56,-0.765,0.048,4.5122,0.0083
  48  57 105   4.5216  0.0070                    105,57,-0.692,0.034,4.5216,0.0070
  48  58 106   4.5383  0.0036                    106,58,-0.576,0.008,4.5383,0.0036
  48  59 107   4.5466  0.0039                    107,59,-0.495,0.030,4.5466,0.0039
  48  60 108   4.5577  0.0031                    108,60,-0.412,0.011,4.5577,0.0031
  48  61 109   4.5601  0.0035                    109,61,-0.387,0.039,4.5601,0.0035
  48  62 110   4.5765  0.0026                    110,62,-0.252,0.005,4.5765,0.0026
  48  63 111   4.5845  0.0058                    111,63,-0.130,0.013,4.5845,0.0058
  48  64 112   4.5944  0.0024                    112,64,-0.103,0.003,4.5944,0.0024
  48  65 113   4.6012  0.0028                    113,65,-0.008,0.004,4.6012,0.0028
  48  66 114   4.6087  0.0023                    114,66,0,0,4.6087,0.0023
  48  67 115   4.6114  0.0046                    115,67,0.024,0.046,4.6114,0.0046
  48  68 116   4.6203  0.0059                    116,68,0.088,0.003,4.6203,0.0059
  48  69 117   4.6136  0.0025                    117,69,0.083,0.018,4.6136,0.0025
  48  70 118   4.6246  0.0060                    118,70,0.129,0.022,4.6246,0.0060
  48  72 120   4.6300  0.0069                    120,72,0.174,0.043,4.6300,0.0069
  49  55 104   4.5184  0.0117                    104,55,-0.866,0.015,4.5184,0.0117
  49  56 105   4.5311  0.0103                    105,56,-0.754,0.014,4.5311,0.0103
  49  57 106   4.5375  0.0095                    106,57,-0.698,0.012,4.5375,0.0095
  49  58 107   4.5494  0.0082                    107,58,-0.592,0.010,4.5494,0.0082
  49  59 108   4.5571  0.0071                    108,59,-0.524,0.005,4.5571,0.0071
  49  60 109   4.5685  0.0061                    109,60,-0.422,0.007,4.5685,0.0061
  49  61 110   4.5742  0.0056                    110,61,-0.371,0.008,4.5742,0.0056
  49  62 111   4.5856  0.0044                    111,62,-0.270,0.005,4.5856,0.0044
  49  63 112   4.5907  0.0041                    112,63,-0.224,0.006,4.5907,0.0041
  49  64 113   4.6010  0.0031                    113,64,-0.1317,0.0003,4.6010,0.0031
  49  65 114   4.6056  0.0029                    114,65,-0.090,0.002,4.6056,0.0029
  49  66 115   4.6156  0.0026                    115,66,0,0,4.6156,0.0026
  49  67 116   4.6211  0.0027                    116,67,0.049,0.001,4.6211,0.0027
  49  68 117   4.6292  0.0032                    117,68,0.122,0.004,4.6292,0.0032
  49  69 118   4.6335  0.0033                    118,69,0.162,0.002,4.6335,0.0033
  49  70 119   4.6407  0.0040                    119,70,0.226,0.004,4.6407,0.0040
  49  71 120   4.6443  0.0042                    120,71,0.259,0.002,4.6443,0.0042
  49  72 121   4.6505  0.0047                    121,72,0.315,0.003,4.6505,0.0047
  49  73 122   4.6534  0.0051                    122,73,0.342,0.004,4.6534,0.0051
  49  74 123   4.6594  0.0056                    123,74,0.396,0.003,4.6594,0.0056
  49  75 124   4.6625  0.0060                    124,75,0.424,0.004,4.6625,0.0060
  49  76 125   4.6670  0.0064                    125,76,0.465,0.005,4.6670,0.0064
  49  77 126   4.6702  0.0068                    126,77,0.494,0.007,4.6702,0.0068
  49  78 127   4.6733  0.0071                    127,78,0.523,0.007,4.6733,0.0071
  50  58 108   4.5605  0.0029                    108,58,-0.825,0.003,4.5605,0.0029
  50  59 109   4.5679  0.0027                    109,59,-0.764,0.006,4.5679,0.0027
  50  60 110   4.5785  0.0025                    110,60,-0.666,0.002,4.5785,0.0025
  50  61 111   4.5836  0.0024                    111,61,-0.612,0.005,4.5836,0.0024
  50  62 112   4.5948  0.0022                    112,62,-0.520,0.005,4.5948,0.0022
  50  63 113   4.6015  0.0021                    113,63,-0.458,0.001,4.6015,0.0021
  50  64 114   4.6099  0.0020                    114,64,-0.3838,0.0001,4.6099,0.0020
  50  65 115   4.6148  0.0019                    115,65,-0.3360,0.0001,4.6148,0.0019
  50  66 116   4.6250  0.0019                    116,66,-0.2471,0.0001,4.6250,0.0019
  50  67 117   4.6302  0.0019                    117,67,-0.1971,0.0001,4.6302,0.0019
  50  68 118   4.6393  0.0019                    118,68,-0.1174,0.0001,4.6393,0.0019
  50  69 119   4.6438  0.0020                    119,69,-0.0724,0.0001,4.6438,0.0020
  50  70 120   4.6519  0.0021                    120,70,0,0,4.6519,0.0021
  50  71 121   4.6566  0.0021                    121,71,0.045,0.001,4.6566,0.0021
  50  72 122   4.6634  0.0022                    122,72,0.1055,0.0001,4.6634,0.0022
  50  73 123   4.6665  0.0023                    123,73,0.140,0.001,4.6665,0.0023
  50  74 124   4.6735  0.0023                    124,74,0.2008,0.0001,4.6735,0.0023
  50  75 125   4.6765  0.0026                    125,75,0.235,0.003,4.6765,0.0026
  50  76 126   4.6833  0.0043                    126,76,0.290,0.003,4.6833,0.0043
  50  77 127   4.6867  0.0048                    127,77,0.322,0.003,4.6867,0.0048
  50  78 128   4.6921  0.0054                    128,78,0.372,0.004,4.6921,0.0054
  50  79 129   4.6934  0.0058                    129,79,0.384,0.003,4.6934,0.0058
  50  80 130   4.7019  0.0066                    130,80,0.464,0.003,4.7019,0.0066
  50  81 131   4.7078  0.0073                    131,81,0.520,0.004,4.7078,0.0073
  50  82 132   4.7093  0.0076                    132,82,0.534,0.002,4.7093,0.0076
  51  70 121   4.6802  0.0026                    121,70,,,4.6802,0.0026
  51  72 123   4.6879  0.0025                    123,72,,,4.6879,0.0025
  52  64 116   4.6847  0.0128                    116,64,-0.563,0.027,4.6847,0.0128
  52  66 118   4.6956  0.0105                    118,66,-0.457,0.027,4.6956,0.0105
  52  68 120   4.7038  0.0088                    120,68,-0.377,0.006,4.7038,0.0088
  52  70 122   4.7095  0.0031                    122,70,-0.305,0.010,4.7095,0.0031
  52  71 123   4.7117  0.0035                    123,71,-0.289,0.011,4.7117,0.0035
  52  72 124   4.7183  0.0029                    124,72,-0.227,0.009,4.7183,0.0029
  52  73 125   4.7204  0.0030                    125,73,-0.208,0.011,4.7204,0.0030
  52  74 126   4.7266  0.0032                    126,74,-0.153,0.009,4.7266,0.0032
  52  76 128   4.7346  0.0029                    128,76,-0.077,0.004,4.7346,0.0029
  52  78 130   4.7423  0.0025                    130,78,0,0,4.7423,0.0025
  52  80 132   4.7500  0.0031                    132,80,0.076,0.016,4.7500,0.0031
  52  82 134   4.7569  0.0041                    134,82,0.144,0.016,4.7569,0.0041
  52  84 136   4.7815  0.0089                    136,84,0.389,0.019,4.7815,0.0089
  53  74 127   4.7500  0.0081                    127,74,,,4.7500,0.0081
  54  62 116   4.7211  0.0096                    116,62,-0.599,0.009,4.7211,0.0096
  54  64 118   4.7387  0.0070                    118,64,-0.460,0.007,4.7387,0.0070
  54  66 120   4.7509  0.0063                    120,66,-0.363,0.007,4.7509,0.0063
  54  68 122   4.7590  0.0059                    122,68,-0.299,0.006,4.7590,0.0059
  54  70 124   4.7661  0.0055                    124,70,-0.242,0.005,4.7661,0.0055
  54  72 126   4.7722  0.0052                    126,72,-0.193,0.007,4.7722,0.0052
  54  73 127   4.7747  0.0038                    127,73,-0.181,0.020,4.7747,0.0038
  54  74 128   4.7774  0.0050                    128,74,-0.152,0.004,4.7774,0.0050
  54  75 129   4.7775  0.0050                    129,75,-0.151,0.001,4.7775,0.0050
  54  76 130   4.7818  0.0049                    130,76,-0.117,0.003,4.7818,0.0049
  54  77 131   4.7808  0.0049                    131,77,-0.125,0.001,4.7808,0.0049
  54  78 132   4.7859  0.0048                    132,78,-0.0844,0.0017,4.7859,0.0048
  54  79 133   4.7831  0.0048                    133,79,-0.106,0.005,4.7831,0.0048
  54  80 134   4.7899  0.0047                    134,80,-0.0518,0.0013,4.7899,0.0047
  54  82 136   4.7964  0.0047                    136,82,0,0,4.7964,0.0047
  54  83 137   4.8094  0.0049                    137,83,0.105,0.003,4.8094,0.0049
  54  84 138   4.8279  0.0079                    138,84,0.254,0.003,4.8279,0.0079
  54  85 139   4.8409  0.0100                    139,85,0.359,0.006,4.8409,0.0100
  54  86 140   4.8566  0.0125                    140,86,0.486,0.002,4.8566,0.0125
  54  87 141   4.8694  0.0147                    141,87,0.591,0.004,4.8694,0.0147
  54  88 142   4.8841  0.0169                    142,88,0.710,0.009,4.8841,0.0169
  54  89 143   4.8942  0.0187                    143,89,0.794,0.004,4.8942,0.0187
  54  90 144   4.9082  0.0208                    144,90,0.908,0.005,4.9082,0.0208
  54  92 146   4.9315  0.0245                    146,92,1.100,0.005,4.9315,0.0245
  55  63 118   4.7832  0.0092                    118,63,-0.2044,0.0021,4.7832,0.0092
  55  64 119   4.7896  0.0089                    119,64,-0.1411,0.0062,4.7896,0.0089
  55  65 120   4.7915  0.0075                    120,65,-0.1229,0.0015,4.7915,0.0075
  55  66 121   4.7769  0.0078                    121,66,-0.2650,0.0009,4.7769,0.0078
  55  67 122   4.7773  0.0070                    122,67,-0.2618,0.0016,4.7773,0.0070
  55  68 123   4.7820  0.0070                    123,68,-0.2156,0.0006,4.7820,0.0070
  55  69 124   4.7828  0.0062                    124,69,-0.2083,0.0012,4.7828,0.0062
  55  70 125   4.7880  0.0062                    125,70,-0.1574,0.0006,4.7880,0.0062
  55  71 126   4.7872  0.0056                    126,71,-0.1645,0.0009,4.7872,0.0056
  55  72 127   4.7936  0.0055                    127,72,-0.1022,0.0007,4.7936,0.0055
  55  73 128   4.7921  0.0052                    128,73,-0.1173,0.0004,4.7921,0.0052
  55  74 129   4.7981  0.0050                    129,74,-0.0582,0.0011,4.7981,0.0050
  55  75 130   4.7992  0.0049                    130,75,-0.0482,0.0010,4.7992,0.0049
  55  76 131   4.8026  0.0047                    131,76,-0.0146,0.0007,4.8026,0.0047
  55  77 132   4.8002  0.0046                    132,77,-0.0383,0.0006,4.8002,0.0046
  55  78 133   4.8041  0.0046                    133,78,0,0,4.8041,0.0046
  55  79 134   4.8031  0.0046                    134,79,-0.0100,0.0011,4.8031,0.0046
  55  80 135   4.8067  0.0047                    135,80,0.0259,0.0009,4.8067,0.0047
  55  81 136   4.8059  0.0052                    136,81,0.0174,0.0015,4.8059,0.0052
  55  82 137   4.8128  0.0050                    137,82,0.0852,0.0011,4.8128,0.0050
  55  83 138   4.8255  0.0050                    138,83,0.2099,0.0008,4.8255,0.0050
  55  84 139   4.8422  0.0069                    139,84,0.3739,0.0012,4.8422,0.0069
  55  85 140   4.8554  0.0088                    140,85,0.5051,0.0013,4.8554,0.0088
  55  86 141   4.8689  0.0108                    141,86,0.6389,0.0015,4.8689,0.0108
  55  87 142   4.8825  0.0132                    142,87,0.7732,0.0007,4.8825,0.0132
  55  88 143   4.8965  0.0151                    143,88,0.9127,0.0005,4.8965,0.0151
  55  89 144   4.9055  0.0161                    144,89,1.0030,0.0007,4.9055,0.0161
  55  90 145   4.9188  0.0191                    145,90,1.1362,0.0010,4.9188,0.0191
  55  91 146   4.9281  0.0193                    146,91,1.2293,0.0021,4.9281,0.0193
  56  64 120   4.8092  0.0058                    120,64,-0.267,0.010,4.8092,0.0058
  56  65 121   4.8176  0.0052                    121,65,-0.189,0.012,4.8176,0.0052
  56  66 122   4.8153  0.0054                    122,66,-0.212,0.002,4.8153,0.0054
  56  67 123   4.8135  0.0055                    123,67,-0.228,0.002,4.8135,0.0055
  56  68 124   4.8185  0.0052                    124,68,-0.1819,0.0003,4.8185,0.0052
  56  69 125   4.8177  0.0052                    125,69,-0.189,0.002,4.8177,0.0052
  56  70 126   4.8221  0.0050                    126,70,-0.1479,0.0002,4.8221,0.0050
  56  71 127   4.8204  0.0051                    127,71,-0.1641,0.0010,4.8204,0.0051
  56  72 128   4.8255  0.0048                    128,72,-0.1160,0.0003,4.8255,0.0048
  56  73 129   4.8248  0.0049                    129,73,-0.1219,0.0004,4.8248,0.0049
  56  74 130   4.8283  0.0047                    130,74,-0.0895,0.0002,4.8283,0.0047
  56  75 131   4.8276  0.0048                    131,75,-0.0960,0.0003,4.8276,0.0048
  56  76 132   4.8303  0.0047                    132,76,-0.0700,0.0001,4.8303,0.0047
  56  77 133   4.8286  0.0047                    133,77,-0.0873,0.0002,4.8286,0.0047
  56  78 134   4.8322  0.0047                    134,78,-0.0547,0.0001,4.8322,0.0047
  56  79 135   4.8294  0.0047                    135,79,-0.0812,0.0003,4.8294,0.0047
  56  80 136   4.8334  0.0046                    136,80,-0.0422,0.0002,4.8334,0.0046
  56  81 137   4.8314  0.0047                    137,81,-0.0609,0.0002,4.8314,0.0047
  56  82 138   4.8378  0.0046                    138,82,0,0,4.8378,0.0046
  56  83 139   4.8513  0.0049                    139,83,0.129,0.001,4.8513,0.0049
  56  84 140   4.8684  0.0059                    140,84,0.292,0.001,4.8684,0.0059
  56  85 141   4.8807  0.0069                    141,85,0.410,0.001,4.8807,0.0069
  56  86 142   4.8953  0.0083                    142,86,0.550,0.001,4.8953,0.0083
  56  87 143   4.9087  0.0096                    143,87,0.679,0.002,4.9087,0.0096
  56  88 144   4.9236  0.0112                    144,88,0.823,0.003,4.9236,0.0112
  56  89 145   4.9345  0.0123                    145,89,0.928,0.002,4.9345,0.0123
  56  90 146   4.9479  0.0138                    146,90,1.058,0.003,4.9479,0.0138
  56  92 148   4.9731  0.0167                    148,92,1.304,0.006,4.9731,0.0167
  57  78 135   4.8488  0.0060                    135,78,-0.061,0.006,4.8488,0.0060
  57  80 137   4.8496  0.0053                    137,80,-0.048,0.001,4.8496,0.0053
  57  81 138   4.8473  0.0051                    138,81,-0.067,0.001,4.8473,0.0051
  57  82 139   4.8550  0.0049                    139,82,0,0,4.8550,0.0049
  58  78 136   4.8739  0.0018                    136,78,-0.031,0.002,4.8739,0.0018
  58  80 138   4.8737  0.0018                    138,80,-0.033,0.002,4.8737,0.0018
  58  82 140   4.8771  0.0018                    140,82,0,0,4.8771,0.0018
  58  84 142   4.9063  0.0020                    142,84,0.281,0.002,4.9063,0.0020
  58  86 144   4.9303  0.0024                    144,86,0.513,0.002,4.9303,0.0024
  58  88 146   4.9590  0.0028                    146,88,0.793,0.002,4.9590,0.0028
  58  90 148   4.9893  0.0035                    148,90,1.089,0.002,4.9893,0.0035
  59  82 141   4.8919  0.0050                    141,82,,,4.8919,0.0050
  60  72 132   4.9174  0.0026                    132,72,0.050,0.030,4.9174,0.0026
  60  74 134   4.9128  0.0026                    134,74,0.005,0.021,4.9128,0.0026
  60  75 135   4.9086  0.0026                    135,75,-0.037,0.033,4.9086,0.0026
  60  76 136   4.9111  0.0026                    136,76,-0.012,0.027,4.9111,0.0026
  60  77 137   4.9080  0.0026                    137,77,-0.043,0.016,4.9080,0.0026
  60  78 138   4.9123  0.0026                    138,78,-0.006,0.021,4.9123,0.0026
  60  79 139   4.9076  0.0025                    139,79,-0.047,0.014,4.9076,0.0025
  60  80 140   4.9101  0.0026                    140,80,-0.022,0.027,4.9101,0.0026
  60  81 141   4.9057  0.0026                    141,81,-0.066,0.014,4.9057,0.0026
  60  82 142   4.9123  0.0025                    142,82,0,0,4.9123,0.0025
  60  83 143   4.9254  0.0026                    143,83,0.130,0.005,4.9254,0.0026
  60  84 144   4.9421  0.0027                    144,84,0.296,0.003,4.9421,0.0027
  60  85 145   4.9535  0.0028                    145,85,0.410,0.005,4.9535,0.0028
  60  86 146   4.9696  0.0030                    146,86,0.571,0.004,4.9696,0.0030
  60  88 148   4.9999  0.0036                    148,88,0.876,0.004,4.9999,0.0036
  60  90 150   5.0400  0.0044                    150,90,1.282,0.005,5.0400,0.0044
  62  76 138   4.9599  0.0034                    138,76,0.067,0.015,4.9599,0.0034
  62  77 139   4.9556  0.0034                    139,77,0.027,0.014,4.9556,0.0034
  62  78 140   4.9565  0.0034                    140,78,0.037,0.015,4.9565,0.0034
  62  79 141   4.9517  0.0034                    141,79,0.030,0.023,4.9517,0.0034
  62  80 142   4.9518  0.0034                    142,80,-0.007,0.013,4.9518,0.0034
  62  81 143   4.9479  0.0034                    143,81,-0.043,0.015,4.9479,0.0034
  62  82 144   4.9524  0.0034                    144,82,0,0,4.9524,0.0034
  62  83 145   4.9651  0.0034                    145,83,0.1167,0.0016,4.9651,0.0034
  62  84 146   4.9808  0.0035                    146,84,0.2732,0.0008,4.9808,0.0035
  62  85 147   4.9892  0.0035                    147,85,0.3669,0.0004,4.9892,0.0035
  62  86 148   5.0042  0.0034                    148,86,0.5199,0.0004,5.0042,0.0034
  62  87 149   5.0134  0.0035                    149,87,0.6125,0.0004,5.0134,0.0035
  62  88 150   5.0387  0.0048                    150,88,0.8240,0.0004,5.0387,0.0048
  62  89 151   5.0550  0.0057                    151,89,0.9800,0.0008,5.0550,0.0057
  62  90 152   5.0819  0.0060                    152,90,1.2493,0.0003,5.0819,0.0060
  62  91 153   5.0925  0.0068                    153,91,1.3490,0.0005,5.0925,0.0068
  62  92 154   5.1053  0.0067                    154,92,1.4806,0.0004,5.1053,0.0067
  63  74 137   4.9762  0.0095                    137,74,0.099,0.043,4.9762,0.0095
  63  75 138   4.9779  0.0094                    138,75,0.115,0.042,4.9779,0.0094
  63  76 139   4.9760  0.0093                    139,76,0.081,0.046,4.9760,0.0093
  63  77 140   4.9695  0.0091                    140,77,0.0295,0.0021,4.9695,0.0091
  63  78 141   4.9697  0.0091                    141,78,0.0323,0.0011,4.9697,0.0091
  63  79 142   4.9607  0.0091                    142,79,-0.056,0.003,4.9607,0.0091
  63  80 143   4.9636  0.0091                    143,80,-0.027,0.001,4.9636,0.0091
  63  81 144   4.9612  0.0091                    144,81,-0.051,0.002,4.9612,0.0091
  63  82 145   4.9663  0.0091                    145,82,0,0,4.9663,0.0091
  63  83 146   4.9789  0.0092                    146,83,0.1248,0.0019,4.9789,0.0092
  63  84 147   4.9938  0.0094                    147,84,0.2718,0.001,4.9938,0.0094
  63  85 148   5.0045  0.0097                    148,85,0.3787,0.0017,5.0045,0.0097
  63  86 149   5.0202  0.0103                    149,86,0.5338,0.001,5.0202,0.0103
  63  87 150   5.0296  0.0108                    150,87,0.6278,0.0013,5.0296,0.0108
  63  88 151   5.0522  0.0046                    151,88,0.8538,0.0011,5.0522,0.0046
  63  89 152   5.1064  0.0066                    152,89,1.3989,0.0034,5.1064,0.0066
  63  90 153   5.1115  0.0062                    153,90,1.4554,0.0017,5.1115,0.0062
  63  91 154   5.1239  0.0079                    154,91,1.588,0.006,5.1239,0.0079
  63  92 155   5.1221  0.0069                    155,92,1.567,0.008,5.1221,0.0069
  63  93 156   5.1264  0.0071                    156,93,1.612,0.008,5.1264,0.0071
  63  94 157   5.1351  0.0075                    157,94,1.702,0.007,5.1351,0.0075
  63  95 158   5.1413  0.0078                    158,95,1.765,0.008,5.1413,0.0078
  63  96 159   5.1498  0.0084                    159,96,1.852,0.008,5.1498,0.0084
  64  81 145   4.9786  0.0077                    145,81,-1.915,0.029,4.9786,0.0077
  64  82 146   4.9801  0.0140                    146,82,-1.914,0.015,4.9801,0.0140
  64  84 148   5.0080  0.0171                    148,84,-1.617,0.015,5.0080,0.0171
  64  86 150   5.0342  0.0159                    150,86,-1.358,0.015,5.0342,0.0159
  64  88 152   5.0774  0.0048                    152,88,-1.01,0.001,5.0774,0.0048
  64  90 154   5.1223  0.0040                    154,90,-0.5338,0.0003,5.1223,0.0040
  64  91 155   5.1319  0.0041                    155,91,-0.4309,0.0002,5.1319,0.0041
  64  92 156   5.1420  0.0042                    156,92,-0.3229,0.0002,5.1420,0.0042
  64  93 157   5.1449  0.0042                    157,93,-0.2918,0.0001,5.1449,0.0042
  64  94 158   5.1569  0.0043                    158,94,-0.1643,0.0001,5.1569,0.0043
  64  96 160   5.1734  0.0044                    160,96,0,0,5.1734,0.0044
  65  82 147   4.9201  0.1508                    147,82,-1.393,0.012,4.9201,0.1508
  65  83 148   4.9291  0.1507                    148,83,-1.304,0.011,4.9291,0.1507
  65  84 149   4.9427  0.1506                    149,84,-1.175,0.009,4.9427,0.1506
  65  85 150   4.9499  0.1505                    150,85,-1.100,0.009,4.9499,0.1505
  65  86 151   4.9630  0.1504                    151,86,-0.969,0.008,4.9630,0.1504
  65  87 152   4.9689  0.1504                    152,87,-0.909,0.008,4.9689,0.1504
  65  88 153   4.9950  0.1502                    153,88,-0.655,0.008,4.9950,0.1502
  65  89 154   5.0333  0.1501                    154,89,-0.272,0.018,5.0333,0.1501
  65  90 155   5.0391  0.1500                    155,90,-0.215,0.009,5.0391,0.1500
  65  92 157   5.0489  0.1500                    157,92,-0.116,0.008,5.0489,0.1500
  65  94 159   5.0600  0.1500                    159,94,0,0,5.0600,0.1500
  66  80 146   5.0438  0.2389                    146,80,-0.018,0.002,5.0438,0.2389
  66  82 148   5.0455  0.2389                    148,82,0,0,5.0455,0.2389
  66  83 149   5.0567  0.2394                    149,83,0.119,0.013,5.0567,0.2394
  66  84 150   5.0706  0.2413                    150,84,0.268,0.026,5.0706,0.2413
  66  85 151   5.0801  0.2435                    151,85,0.370,0.037,5.0801,0.2435
  66  86 152   5.0950  0.2482                    152,86,0.530,0.053,5.0950,0.2482
  66  87 153   5.1035  0.2516                    153,87,0.621,0.062,5.1035,0.2516
  66  88 154   5.1241  0.2618                    154,88,0.844,0.084,5.1241,0.2618
  66  89 155   5.1457  0.2751                    155,89,1.077,0.108,5.1457,0.2751
  66  90 156   5.1622  0.2869                    156,90,1.257,0.126,5.1622,0.2869
  66  91 157   5.1709  0.2936                    157,91,1.352,0.135,5.1709,0.2936
  66  92 158   5.1815  0.3023                    158,92,1.468,0.147,5.1815,0.3023
  66  93 159   5.1825  0.3031                    159,93,1.478,0.148,5.1825,0.3031
  66  94 160   5.1951  0.3139                    160,94,1.616,0.162,5.1951,0.3139
  66  95 161   5.1962  0.0459                    161,95,1.647,0.165,5.1962,0.0459
  66  96 162   5.2074  0.0172                    162,96,1.753,0.175,5.2074,0.0172
  66  97 163   5.2099  0.0120                    163,97,1.806,0.181,5.2099,0.0120
  66  98 164   5.2218  0.0106                    164,98,1.901,0.190,5.2218,0.0106
  67  84 151   5.0398  0.0354                    151,84,-1.709,0.008,5.0398,0.0354
  67  85 152   5.0614  0.0343                    152,85,-1.486,0.006,5.0614,0.0343
  67  86 153   5.0760  0.0339                    153,86,-1.324,0.005,5.0760,0.0339
  67  87 154   5.0856  0.0333                    154,87,-1.234,0.003,5.0856,0.0333
  67  88 155   5.1076  0.0326                    155,88,-1.003,0.003,5.1076,0.0326
  67  89 156   5.1156  0.0326                    156,89,-0.881,0.003,5.1156,0.0326
  67  90 157   5.1535  0.0316                    157,90,-0.518,0.002,5.1535,0.0316
  67  91 158   5.1571  0.0316                    158,91,-0.48,0.004,5.1571,0.0316
  67  92 159   5.1675  0.0314                    159,92,-0.37,0.002,5.1675,0.0314
  67  93 160   5.1662  0.0315                    160,93,-0.384,0.003,5.1662,0.0315
  67  94 161   5.1785  0.0313                    161,94,-0.253,0.002,5.1785,0.0313
  67  95 162   5.1817  0.0313                    162,95,-0.219,0.008,5.1817,0.0313
  67  96 163   5.1907  0.0313                    163,96,-0.123,0.006,5.1907,0.0313
  67  98 165   5.2022  0.0312                    165,98,0,0,5.2022,0.0312
  68  82 150   5.0548  0.0254                    150,82,-2.114,0.013,5.0548,0.0254
  68  84 152   5.0843  0.0257                    152,84,-1.846,0.013,5.0843,0.0257
  68  86 154   5.1129  0.0268                    154,86,-1.584,0.002,5.1129,0.0268
  68  88 156   5.1429  0.0285                    156,88,-1.307,0.001,5.1429,0.0285
  68  90 158   5.1761  0.0312                    158,90,-1.001,0.001,5.1761,0.0312
  68  92 160   5.2045  0.0336                    160,92,-0.738,0.001,5.2045,0.0336
  68  94 162   5.2246  0.0040                    162,94,-0.551,0.001,5.2246,0.0040
  68  96 164   5.2389  0.0035                    164,96,-0.392,0.001,5.2389,0.0035
  68  98 166   5.2516  0.0031                    166,98,-0.263,0.001,5.2516,0.0031
  68  99 167   5.2560  0.0031                    167,99,-0.218,0.001,5.2560,0.0031
  68 100 168   5.2644  0.0035                    168,100,-0.132,0.001,5.2644,0.0035
  68 102 170   5.2789  0.0041                    170,102,0,0,5.2789,0.0041
  69  84 153   5.0643  0.0190                    153,84,-1.708,0.033,5.0643,0.0190
  69  85 154   5.0755  0.0166                    154,85,-1.609,0.015,5.0755,0.0166
  69  87 156   5.0976  0.0135                    156,87,-1.359,0.009,5.0976,0.0135
  69  88 157   5.1140  0.0074                    157,88,-1.157,0.005,5.1140,0.0074
  69  89 158   5.1235  0.0069                    158,89,-1.058,0.006,5.1235,0.0069
  69  90 159   5.1392  0.0060                    159,90,-0.898,0.003,5.1392,0.0060
  69  91 160   5.1504  0.0055                    160,91,-0.783,0.003,5.1504,0.0055
  69  92 161   5.1616  0.0050                    161,92,-0.667,0.002,5.1616,0.0050
  69  93 162   5.1713  0.0048                    162,93,-0.567,0.003,5.1713,0.0048
  69  94 163   5.1849  0.0042                    163,94,-0.427,0.002,5.1849,0.0042
  69  95 164   5.1906  0.0042                    164,95,-0.368,0.003,5.1906,0.0042
  69  96 165   5.2004  0.0038                    165,96,-0.265,0.002,5.2004,0.0038
  69  97 166   5.2046  0.0038                    166,97,-0.221,0.003,5.2046,0.0038
  69  98 167   5.2129  0.0036                    167,98,-0.134,0.002,5.2129,0.0036
  69  99 168   5.2170  0.0036                    168,99,-0.092,0.004,5.2170,0.0036
  69 100 169   5.2256  0.0035                    169,100,0,0,5.2256,0.0035
  69 101 170   5.2303  0.0036                    170,101,0.048,0.001,5.2303,0.0036
  69 102 171   5.2388  0.0037                    171,102,0.139,0.005,5.2388,0.0037
  69 103 172   5.2411  0.0052                    172,103,0.164,0.022,5.2411,0.0052
  70  82 152   5.0423  0.0146                    152,82,-2.746,0.004,5.0423,0.0146
  70  84 154   5.0875  0.0105                    154,84,-2.335,0.005,5.0875,0.0105
  70  85 155   5.1040  0.0110                    155,85,-2.181,0.007,5.1040,0.0110
  70  86 156   5.1219  0.0103                    156,86,-2.015,0.002,5.1219,0.0103
  70  87 157   5.1324  0.0100                    157,87,-1.908,0.009,5.1324,0.0100
  70  88 158   5.1498  0.0088                    158,88,-1.737,0.001,5.1498,0.0088
  70  89 159   5.1629  0.0084                    159,89,-1.618,0.009,5.1629,0.0084
  70  90 160   5.1781  0.0076                    160,90,-1.462,0.001,5.1781,0.0076
  70  91 161   5.1889  0.0072                    161,91,-1.353,0.001,5.1889,0.0072
  70  92 162   5.2054  0.0067                    162,92,-1.191,0.001,5.2054,0.0067
  70  93 163   5.2157  0.0064                    163,93,-1.089,0.001,5.2157,0.0064
  70  94 164   5.2307  0.0060                    164,94,-0.942,0.001,5.2307,0.0060
  70  95 165   5.2399  0.0058                    165,95,-0.8473,0.0003,5.2399,0.0058
  70  96 166   5.2525  0.0057                    166,96,-0.7220,0.0004,5.2525,0.0057
  70  97 167   5.2621  0.0056                    167,97,-0.6252,0.0003,5.2621,0.0056
  70  98 168   5.2702  0.0056                    168,98,-0.5406,0.0003,5.2702,0.0056
  70  99 169   5.2771  0.0056                    169,99,-0.4692,0.0003,5.2771,0.0056
  70 100 170   5.2853  0.0056                    170,100,-0.3845,0.0001,5.2853,0.0056
  70 101 171   5.2906  0.0057                    171,101,-0.3273,0.0001,5.2906,0.0057
  70 102 172   5.2995  0.0058                    172,102,-0.2366,0.0001,5.2995,0.0058
  70 103 173   5.3046  0.0059                    173,103,-0.1810,0.0001,5.3046,0.0059
  70 104 174   5.3108  0.0060                    174,104,-0.1159,0.0001,5.3108,0.0060
  70 105 175   5.3135  0.0061                    175,105,-0.0827,0.0074,5.3135,0.0061
  70 106 176   5.3215  0.0062                    176,106,0,0,5.3215,0.0062
  71  90 161   5.2293  0.0320                    161,90,-1.5083,0.0013,5.2293,0.0320
  71  91 162   5.2398  0.0317                    162,91,-1.3966,0.0012,5.2398,0.0317
  71  92 163   5.2567  0.0312                    163,92,-1.2174,0.0012,5.2567,0.0312
  71  93 164   5.2677  0.0310                    164,93,-1.1006,0.0012,5.2677,0.0310
  71  94 165   5.2830  0.0307                    165,94,-0.9372,0.0007,5.2830,0.0307
  71  95 166   5.2972  0.0305                    166,95,-0.7851,0.0008,5.2972,0.0305
  71  96 167   5.3108  0.0303                    167,96,-0.6397,0.0007,5.3108,0.0303
  71  97 168   5.3227  0.0302                    168,97,-0.5124,0.0010,5.3227,0.0302
  71  98 169   5.3290  0.0302                    169,98,-0.4443,0.0006,5.3290,0.0302
  71  99 170   5.3364  0.0302                    170,99,-0.3644,0.0006,5.3364,0.0302
  71 100 171   5.3436  0.0302                    171,100,-0.2863,0.0007,5.3436,0.0302
  71 101 172   5.3486  0.0302                    172,101,-0.2323,0.0007,5.3486,0.0302
  71 102 173   5.3577  0.0303                    173,102,-0.1340,0.0010,5.3577,0.0303
  71 103 174   5.3634  0.0303                    174,103,-0.0718,0.0006,5.3634,0.0303
  71 104 175   5.3700  0.0304                    175,104,0,0,5.3700,0.0304
  71 105 176   5.3739  0.0304                    176,105,0.0425,0.0010,5.3739,0.0304
  71 106 177   5.3815  0.0305                    177,106,0.1248,0.0009,5.3815,0.0305
  71 107 178   5.3857  0.0306                    178,107,0.1714,0.0010,5.3857,0.0306
  71 108 179   5.3917  0.0307                    179,108,0.2357,0.0010,5.3917,0.0307
  72  98 170   5.2898  0.0055                    170,98,-0.494,0.009,5.2898,0.0055
  72  99 171   5.3041  0.0049                    171,99,-0.366,0.005,5.3041,0.0049
  72 100 172   5.3065  0.0043                    172,100,-0.322,0.006,5.3065,0.0043
  72 101 173   5.3140  0.0038                    173,101,-0.244,0.004,5.3140,0.0038
  72 102 174   5.3201  0.0035                    174,102,-0.180,0.003,5.3201,0.0035
  72 103 175   5.3191  0.0036                    175,103,-0.091,0.002,5.3191,0.0036
  72 104 176   5.3286  0.0032                    176,104,-0.091,0.001,5.3286,0.0032
  72 105 177   5.3309  0.0031                    177,105,-0.065,0.001,5.3309,0.0031
  72 106 178   5.3371  0.0031                    178,106,0,0,5.3371,0.0031
  72 107 179   5.3408  0.0031                    179,107,0.039,0.002,5.3408,0.0031
  72 108 180   5.3470  0.0032                    180,108,0.040,0.005,5.3470,0.0032
  72 110 182   5.3516  0.0036                    182,110,0.176,0.005,5.3516,0.0036
  73 108 181   5.3507  0.0034                    181,108,,,5.3507,0.0034
  74 106 180   5.3491  0.0022                    180,106,-0.169,0.006,5.3491,0.0022
  74 108 182   5.3559  0.0017                    182,108,-0.099,0.005,5.3559,0.0017
  74 109 183   5.3611  0.0020                    183,109,-0.047,0.006,5.3611,0.0020
  74 110 184   5.3658  0.0023                    184,110,0,0,5.3658,0.0023
  74 112 186   5.3743  0.0026                    186,112,0.086,0.004,5.3743,0.0026
  75 110 185   5.3596  0.0172                    185,110,0,0,5.3596,0.0172
  75 112 187   5.3698  0.0173                    187,112,0.110,0.010,5.3698,0.0173
  76 108 184   5.3823  0.0022                    184,108,-0.320,0.018,5.3823,0.0022
  76 110 186   5.3909  0.0017                    186,110,-0.231,0.015,5.3909,0.0017
  76 111 187   5.3933  0.0018                    187,111,-0.205,0.016,5.3933,0.0018
  76 112 188   5.3993  0.0011                    188,112,-0.144,0.011,5.3993,0.0011
  76 113 189   5.4016  0.0012                    189,113,-0.119,0.012,5.4016,0.0012
  76 114 190   5.4062  0.0013                    190,114,-0.068,0.006,5.4062,0.0013
  76 116 192   5.4126  0.0015                    192,116,0,0,5.4126,0.0015
  77 105 182   5.3705  0.1061                    182,105,-0.283,0.006,5.3705,0.1061
  77 106 183   5.3780  0.1061                    183,106,-0.203,0.004,5.3780,0.1061
  77 107 184   5.3805  0.1061                    184,107,-0.176,0.003,5.3805,0.1061
  77 108 185   5.3854  0.1061                    185,108,-0.123,0.003,5.3854,0.1061
  77 109 186   5.3900  0.1061                    186,109,-0.073,0.004,5.3900,0.1061
  77 110 187   5.3812  0.1061                    187,110,-0.168,0.003,5.3812,0.1061
  77 111 188   5.3838  0.1061                    188,111,-0.140,0.004,5.3838,0.1061
  77 112 189   5.3898  0.1061                    189,112,-0.076,0.002,5.3898,0.1061
  77 114 191   5.3968  0.1061                    191,114,0,0,5.3968,0.1061
  77 116 193   5.4032  0.1061                    193,116,0.069,0.001,5.4032,0.1061
  78 100 178   5.3728  0.0066                    178,100,-0.529,0.016,5.3728,0.0066
  78 101 179   5.3915  0.0050                    179,101,-0.335,0.021,5.3915,0.0050
  78 102 180   5.3891  0.0049                    180,102,-0.360,0.011,5.3891,0.0049
  78 103 181   5.3996  0.0041                    181,103,-0.251,0.015,5.3996,0.0041
  78 104 182   5.3969  0.0041                    182,104,-0.279,0.010,5.3969,0.0041
  78 105 183   5.4038  0.0036                    183,105,-0.196,0.020,5.4038,0.0036
  78 106 184   5.4015  0.0036                    184,106,-0.240,0.018,5.4015,0.0036
  78 107 185   5.4148  0.0028                    185,107,-0.090,0.005,5.4148,0.0028
  78 108 186   5.4037  0.0036                    186,108,-0.213,0.004,5.4037,0.0036
  78 109 187   5.4063  0.0037                    187,109,-0.188,0.004,5.4063,0.0037
  78 110 188   5.4053  0.0034                    188,110,-0.193,0.003,5.4053,0.0034
  78 111 189   5.4060  0.0035                    189,111,-0.187,0.005,5.4060,0.0035
  78 112 190   5.4108  0.0030                    190,112,-0.137,0.002,5.4108,0.0030
  78 113 191   5.4102  0.0031                    191,113,-0.142,0.004,5.4102,0.0031
  78 114 192   5.4169  0.0028                    192,114,-0.073,0.002,5.4169,0.0028
  78 115 193   5.4191  0.0027                    193,115,-0.047,0.006,5.4191,0.0027
  78 116 194   5.4236  0.0025                    194,116,0,0,5.4236,0.0025
  78 117 195   5.4270  0.0026                    195,117,0.036,0.002,5.4270,0.0026
  78 118 196   5.4307  0.0027                    196,118,0.075,0.002,5.4307,0.0027
  78 120 198   5.4383  0.0032                    198,120,0.154,0.002,5.4383,0.0032
  79 104 183   5.4247  0.0043                    183,104,-0.140,0.009,5.4247,0.0043
  79 105 184   5.4306  0.0041                    184,105,-0.077,0.007,5.4306,0.0041
  79 106 185   5.4296  0.0041                    185,106,-0.088,0.004,5.4296,0.0041
  79 107 186   5.4354  0.0039                    186,107,-0.024,0.008,5.4354,0.0039
  79 108 187   5.4018  0.0058                    187,108,-0.382,0.005,5.4018,0.0058
  79 109 188   5.4049  0.0055                    188,109,-0.352,0.006,5.4049,0.0055
  79 110 189   5.4084  0.0052                    189,110,-0.313,0.004,5.4084,0.0052
  79 111 190   5.4109  0.0049                    190,111,-0.284,0.005,5.4109,0.0049
  79 112 191   5.4147  0.0046                    191,112,-0.245,0.001,5.4147,0.0046
  79 113 192   5.4179  0.0044                    192,113,-0.211,0.002,5.4179,0.0044
  79 114 193   5.4221  0.0042                    193,114,-0.164,0.001,5.4221,0.0042
  79 115 194   5.4252  0.0040                    194,115,-0.131,0.001,5.4252,0.0040
  79 116 195   5.4298  0.0040                    195,116,-0.079,0.004,5.4298,0.0040
  79 117 196   5.4332  0.0039                    196,117,-0.043,0.005,5.4332,0.0039
  79 118 197   5.4371  0.0038                    197,118,0,0,5.4371,0.0038
  79 119 198   5.4400  0.0038                    198,119,0.031,0.002,5.4400,0.0038
  79 120 199   5.4454  0.0039                    199,120,0.090,0.001,5.4454,0.0039
  80 101 181   5.4364  0.0032                    181,101,-0.114,0.004,5.4364,0.0032
  80 102 182   5.3833  0.0052                    182,102,-0.693,0.021,5.3833,0.0052
  80 103 183   5.4405  0.0031                    183,103,-0.070,0.004,5.4405,0.0031
  80 104 184   5.3949  0.0047                    184,104,-0.550,0.002,5.3949,0.0047
  80 105 185   5.4397  0.0031                    185,105,-0.077,0.001,5.4397,0.0031
  80 106 186   5.4017  0.0043                    186,106,-0.477,0.001,5.4017,0.0043
  80 107 187   5.4046  0.0042                    187,107,-0.447,0.002,5.4046,0.0042
  80 108 188   5.4085  0.0040                    188,108,-0.404,0.001,5.4085,0.0040
  80 109 189   5.4100  0.0040                    189,109,-0.387,0.002,5.4100,0.0040
  80 110 190   5.4158  0.0037                    190,110,-0.326,0.001,5.4158,0.0037
  80 111 191   5.4171  0.0037                    191,111,-0.313,0.004,5.4171,0.0037
  80 112 192   5.4232  0.0035                    192,112,-0.246,0.001,5.4232,0.0035
  80 113 193   5.4238  0.0035                    193,113,-0.242,0.009,5.4238,0.0035
  80 114 194   5.4309  0.0033                    194,114,-0.164,0.001,5.4309,0.0033
  80 115 195   5.4345  0.0032                    195,115,-0.126,0.005,5.4345,0.0032
  80 116 196   5.4385  0.0031                    196,116,-0.0825,0.0001,5.4385,0.0031
  80 117 197   5.4412  0.0031                    197,117,-0.054,0.003,5.4412,0.0031
  80 118 198   5.4463  0.0031                    198,118,0,0,5.4463,0.0031
  80 119 199   5.4474  0.0031                    199,119,0.0130,0.0001,5.4474,0.0031
  80 120 200   5.4551  0.0031                    200,120,0.0942,0.0001,5.4551,0.0031
  80 121 201   5.4581  0.0032                    201,121,0.1258,0.0001,5.4581,0.0032
  80 122 202   5.4648  0.0033                    202,122,0.1981,0.0001,5.4648,0.0033
  80 123 203   5.4679  0.0035                    203,123,0.231,0.004,5.4679,0.0035
  80 124 204   5.4744  0.0036                    204,124,0.3001,0.0001,5.4744,0.0036
  80 125 205   5.4776  0.0038                    205,125,0.333,0.002,5.4776,0.0038
  80 126 206   5.4837  0.0040                    206,126,0.397,0.002,5.4837,0.0040
  81 102 183   5.3786  0.0105                    183,102,-1.056,0.028,5.3786,0.0105
  81 104 185   5.3896  0.0098                    185,104,-0.938,0.041,5.3896,0.0098
  81 107 188   5.4017  0.0072                    188,107,-0.7708,0.0005,5.4017,0.0072
  81 109 190   5.4121  0.0056                    190,109,-0.6693,0.0003,5.4121,0.0056
  81 110 191   5.4169  0.0048                    191,110,-0.6201,0.0007,5.4169,0.0048
  81 111 192   5.4191  0.0051                    192,111,-0.5967,0.0003,5.4191,0.0051
  81 112 193   5.4243  0.0042                    193,112,-0.542,0.011,5.4243,0.0042
  81 113 194   5.4259  0.0046                    194,113,-0.5261,0.0005,5.4259,0.0046
  81 114 195   5.4325  0.0039                    195,114,-0.457,0.007,5.4325,0.0039
  81 115 196   5.4327  0.0042                    196,115,-0.4546,0.0005,5.4327,0.0042
  81 116 197   5.4388  0.0036                    197,116,-0.391,0.001,5.4388,0.0036
  81 117 198   5.4396  0.0036                    198,117,-0.383,0.007,5.4396,0.0036
  81 118 199   5.4479  0.0031                    199,118,-0.296,0.007,5.4479,0.0031
  81 119 200   5.4491  0.0031                    200,119,-0.283,0.007,5.4491,0.0031
  81 120 201   5.4573  0.0029                    201,120,-0.197,0.001,5.4573,0.0029
  81 121 202   5.4595  0.0027                    202,121,-0.174,0.007,5.4595,0.0027
  81 122 203   5.4666  0.0027                    203,122,-0.0978,0.0001,5.4666,0.0027
  81 123 204   5.4704  0.0028                    204,123,-0.060,0.007,5.4704,0.0028
  81 124 205   5.4759  0.0026                    205,124,0,0,5.4759,0.0026
  81 126 207   5.4853  0.0027                    207,126,0.0993,0.0002,5.4853,0.0027
  81 127 208   5.4946  0.0028                    208,127,0.185,0.013,5.4946,0.0028
  82 100 182   5.3788  0.0035                    182,100,-1.311,0.013,5.3788,0.0035
  82 101 183   5.3869  0.0030                    183,101,-1.225,0.008,5.3869,0.0030
  82 102 184   5.3930  0.0029                    184,102,-1.160,0.005,5.3930,0.0029
  82 103 185   5.3984  0.0028                    185,103,-1.103,0.008,5.3984,0.0028
  82 104 186   5.4027  0.0027                    186,104,-1.057,0.005,5.4027,0.0027
  82 105 187   5.4079  0.0026                    187,105,-1.002,0.006,5.4079,0.0026
  82 106 188   5.4139  0.0025                    188,106,-0.938,0.006,5.4139,0.0025
  82 107 189   5.4177  0.0024                    189,107,-0.898,0.008,5.4177,0.0024
  82 108 190   5.4222  0.0023                    190,108,-0.851,0.002,5.4222,0.0023
  82 109 191   5.4229  0.0026                    191,109,-0.845,0.004,5.4229,0.0026
  82 110 192   5.4300  0.0025                    192,110,-0.766,0.005,5.4300,0.0025
  82 111 193   5.4310  0.0023                    193,111,-0.756,0.003,5.4310,0.0023
  82 112 194   5.4372  0.0023                    194,112,-0.689,0.004,5.4372,0.0023
  82 113 195   5.4389  0.0045                    195,113,-0.671,0.004,5.4389,0.0045
  82 114 196   5.4444  0.0024                    196,114,-0.611,0.005,5.4444,0.0024
  82 115 197   5.4446  0.0024                    197,115,-0.609,0.003,5.4446,0.0024
  82 116 198   5.4524  0.0022                    198,116,-0.5258,0.0002,5.4524,0.0022
  82 117 199   5.4529  0.0022                    199,117,-0.5206,0.0005,5.4529,0.0022
  82 118 200   5.4611  0.0020                    200,118,-0.4322,0.0002,5.4611,0.0020
  82 119 201   5.4629  0.0019                    201,119,-0.4127,0.0003,5.4629,0.0019
  82 120 202   5.4705  0.0017                    202,120,-0.3307,0.0002,5.4705,0.0017
  82 121 203   5.4727  0.0017                    203,121,-0.3071,0.0003,5.4727,0.0017
  82 122 204   5.4803  0.0014                    204,122,-0.2249,0.0001,5.4803,0.0014
  82 123 205   5.4828  0.0015                    205,123,-0.1983,0.0002,5.4828,0.0015
  82 124 206   5.4902  0.0014                    206,124,-0.1189,0.0001,5.4902,0.0014
  82 125 207   5.4943  0.0014                    207,125,-0.0743,0.0001,5.4943,0.0014
  82 126 208   5.5012  0.0013                    208,126,0,0,5.5012,0.0013
  82 127 209   5.5100  0.0014                    209,127,0.0945,0.0005,5.5100,0.0014
  82 128 210   5.5208  0.0016                    210,128,0.2125,0.0002,5.5208,0.0016
  82 129 211   5.5290  0.0017                    211,129,0.3020,0.0003,5.5290,0.0017
  82 130 212   5.5396  0.0019                    212,130,0.4178,0.0016,5.5396,0.0019
  82 132 214   5.5577  0.0023                    214,132,0.6150,0.0011,5.5577,0.0023
  83 119 202   5.4840  0.0912                    202,119,-0.408,0.002,5.4840,0.0912
  83 120 203   5.4911  0.0911                    203,120,-0.330,0.002,5.4911,0.0911
  83 121 204   5.4934  0.0910                    204,121,-0.305,0.003,5.4934,0.0910
  83 122 205   5.5008  0.0909                    205,122,-0.224,0.001,5.5008,0.0909
  83 123 206   5.5034  0.0909                    206,123,-0.196,0.001,5.5034,0.0909
  83 124 207   5.5103  0.0907                    207,124,-0.119,0.002,5.5103,0.0907
  83 125 208   5.5147  0.0907                    208,125,-0.071,0.002,5.5147,0.0907
  83 126 209   5.5211  0.0906                    209,126,0,0,5.5211,0.0906
  83 127 210   5.5300  0.0904                    210,127,0.099,0.003,5.5300,0.0904
  83 129 212   5.5489  0.0901                    212,129,0.307,0.004,5.5489,0.0901
  83 130 213   5.5586  0.0900                    213,130,0.416,0.001,5.5586,0.0900
  84 108 192   5.5220  0.0194                    192,108,-0.403,0.019,5.5220,0.0194
  84 109 193   5.5185  0.0189                    193,109,-0.442,0.013,5.5185,0.0189
  84 110 194   5.5167  0.0192                    194,110,-0.462,0.016,5.5167,0.0192
  84 111 195   5.5127  0.0189                    195,111,-0.506,0.013,5.5127,0.0189
  84 112 196   5.5136  0.0189                    196,112,-0.496,0.013,5.5136,0.0189
  84 113 197   5.5112  0.0189                    197,113,-0.523,0.013,5.5112,0.0189
  84 114 198   5.5146  0.0193                    198,114,-0.485,0.017,5.5146,0.0193
  84 115 199   5.5123  0.0189                    199,115,-0.510,0.013,5.5123,0.0189
  84 116 200   5.5199  0.0190                    200,116,-0.426,0.014,5.5199,0.0190
  84 117 201   5.5190  0.0189                    201,117,-0.436,0.013,5.5190,0.0189
  84 118 202   5.5281  0.0191                    202,118,-0.336,0.015,5.5281,0.0191
  84 119 203   5.5297  0.0189                    203,119,-0.318,0.013,5.5297,0.0189
  84 120 204   5.5378  0.0189                    204,120,-0.229,0.014,5.5378,0.0189
  84 121 205   5.5389  0.0189                    205,121,-0.216,0.014,5.5389,0.0189
  84 122 206   5.5480  0.0189                    206,122,-0.116,0.014,5.5480,0.0189
  84 123 207   5.5501  0.0189                    207,123,-0.092,0.014,5.5501,0.0189
  84 124 208   5.5584  0.0176                    208,124,0,0,5.5584,0.0176
  84 125 209   5.5631  0.0187                    209,125,0.052,0.012,5.5631,0.0187
  84 126 210   5.5704  0.0185                    210,126,0.134,0.010,5.5704,0.0185
  84 127 211   5.5798  0.0187                    211,127,0.238,0.013,5.5798,0.0187
  84 132 216   5.6394  0.0186                    216,132,0.907,0.014,5.6394,0.0186
  84 133 217   5.6445  0.0189                    217,133,0.965,0.018,5.6445,0.0189
  84 134 218   5.6558  0.0186                    218,134,1.092,0.015,5.6558,0.0186
  86 116 202   5.5521  0.0181                    202,116,-0.4382,0.0004,5.5521,0.0181
  86 118 204   5.5568  0.0180                    204,118,-0.3860,0.0003,5.5568,0.0180
  86 119 205   5.5569  0.0180                    205,119,-0.3849,0.0003,5.5569,0.0180
  86 120 206   5.5640  0.0178                    206,120,-0.3058,0.0003,5.5640,0.0178
  86 121 207   5.5652  0.0178                    207,121,-0.2926,0.0002,5.5652,0.0178
  86 122 208   5.5725  0.0177                    208,122,-0.2125,0.0002,5.5725,0.0177
  86 123 209   5.5743  0.0177                    209,123,-0.1917,0.0001,5.5743,0.0177
  86 124 210   5.5813  0.0177                    210,124,-0.1143,0.0001,5.5813,0.0177
  86 125 211   5.5850  0.0176                    211,125,-0.0735,0.0001,5.5850,0.0176
  86 126 212   5.5915  0.0176                    212,126,0,0,5.5915,0.0176
  86 132 218   5.6540  0.0187                    218,132,0.7000,0.0003,5.6540,0.0187
  86 133 219   5.6648  0.0191                    219,133,0.8212,0.0003,5.6648,0.0191
  86 134 220   5.6731  0.0194                    220,134,0.9151,0.0003,5.6731,0.0194
  86 135 221   5.6834  0.0199                    221,135,1.0320,0.0004,5.6834,0.0199
  86 136 222   5.6915  0.0203                    222,136,1.1236,0.0004,5.6915,0.0203
  87 115 202   5.5500  0.0178                    202,115,-0.46200,0.02100,5.5500,0.0178
  87 116 203   5.5560  0.0178                    203,116,-0.39600,0.01800,5.5560,0.0178
  87 117 204   5.5523  0.0178                    204,117,-0.43700,0.02300,5.5523,0.0178
  87 118 205   5.5609  0.0178                    205,118,-0.34100,0.02300,5.5609,0.0178
  87 119 206   5.5618  0.0178                    206,119,-0.33100,0.02300,5.5618,0.0178
  87 120 207   5.5689  0.0177                    207,120,-0.25200,0.00300,5.5689,0.0177
  87 121 208   5.5699  0.0177                    208,121,-0.24100,0.00200,5.5699,0.0177
  87 122 209   5.5780  0.0176                    209,122,-0.15100,0.00100,5.5780,0.0176
  87 123 210   5.5803  0.0176                    210,123,-0.12500,0.00100,5.5803,0.0176
  87 124 211   5.5876  0.0176                    211,124,-0.04400,0.00000,5.5876,0.0176
  87 125 212   5.5915  0.0176                    212,125,0.00000,0.00000,5.5915,0.0176
  87 126 213   5.5986  0.0176                    213,126,0.07900,0.00100,5.5986,0.0176
  87 130 217   5.6534  0.0175                    217,130,0.69600,0.01800,5.6534,0.0175
  87 131 218   5.6646  0.0174                    218,131,0.82300,0.01200,5.6646,0.0174
  87 132 219   5.6681  0.0174                    219,132,1,0,5.6681,0.0174
  87 133 220   5.6803  0.0173                    220,133,1.00100,0.01000,5.6803,0.0173
  87 134 221   5.6920  0.0173                    221,134,1.13400,0.01100,5.6920,0.0173
  87 135 222   5.7034  0.0173                    222,135,1.26400,0.00300,5.7034,0.0173
  87 136 223   5.7104  0.0173                    223,136,1.34400,0.01400,5.7104,0.0173
  87 137 224   5.7229  0.0172                    224,137,1.48700,0.01500,5.7229,0.0172
  87 138 225   5.7288  0.0172                    225,138,1.55400,0.01600,5.7288,0.0172
  87 139 226   5.7376  0.0172                    226,139,1.65500,0.01700,5.7376,0.0172
  87 140 227   5.7542  0.0172                    227,140,1.84600,0.01900,5.7542,0.0172
  87 141 228   5.7614  0.0172                    228,141,1.92900,0.02000,5.7614,0.0172
  87 142 229   5.7700  0.0171                    229,142,2.02800,0.01600,5.7700,0.0171
  87 144 231   5.7859  0.0171                    231,144,2.21200,0.01700,5.7859,0.0171
  88 120 208   5.5809  0.0178                    208,120,-0.3020,0.0160,5.5809,0.0178
  88 121 209   5.5814  0.0178                    209,121,-0.2960,0.0150,5.5814,0.0178
  88 122 210   5.5888  0.0178                    210,122,-0.2140,0.0110,5.5888,0.0178
  88 123 211   5.5903  0.0178                    211,123,-0.1967,0.0099,5.5903,0.0178
  88 124 212   5.5975  0.0177                    212,124,-0.1160,0.0059,5.5975,0.0177
  88 125 213   5.6010  0.0177                    213,125,-0.0773,0.0039,5.6010,0.0177
  88 126 214   5.6079  0.0177                    214,126,0,,5.6079,0.0177
  88 132 220   5.6777  0.0178                    220,132,0.7880,0.0400,5.6777,0.0178
  88 133 221   5.6907  0.0179                    221,133,0.9360,0.0480,5.6907,0.0179
  88 134 222   5.7003  0.0180                    222,134,1.0450,0.0530,5.7003,0.0180
  88 135 223   5.7113  0.0181                    223,135,1.1700,0.0590,5.7113,0.0181
  88 136 224   5.7198  0.0182                    224,136,1.2680,0.0640,5.7198,0.0182
  88 137 225   5.7317  0.0184                    225,137,1.4040,0.0710,5.7317,0.0184
  88 138 226   5.7389  0.0185                    226,138,1.4860,0.0750,5.7389,0.0185
  88 139 227   5.7477  0.0186                    227,139,1.5870,0.0800,5.7477,0.0186
  88 140 228   5.7572  0.0188                    228,140,1.6970,0.0860,5.7572,0.0188
  88 141 229   5.7670  0.0190                    229,141,1.8100,0.0920,5.7670,0.0190
  88 142 230   5.7785  0.0192                    230,142,1.9430,0.0980,5.7785,0.0192
  88 144 232   5.7973  0.0196                    232,144,2.1600,0.1100,5.7973,0.0196
  90 137 227   5.7404  0.0165                    227,137,-0.508,0.003,5.7404,0.0165
  90 138 228   5.7488  0.0152                    228,138,-0.413,0.001,5.7488,0.0152
  90 139 229   5.7557  0.0143                    229,139,-0.334,0.001,5.7557,0.0143
  90 140 230   5.7670  0.0131                    230,140,-0.2050,0.0004,5.7670,0.0131
  90 142 232   5.7848  0.0124                    232,142,0,0,5.7848,0.0124
  92 141 233   5.8203  0.0049                    233,141,-0.435,0.001,5.8203,0.0049
  92 142 234   5.8291  0.0052                    234,142,-0.334,0.001,5.8291,0.0052
  92 143 235   5.8337  0.0041                    235,143,-0.2803,0.0002,5.8337,0.0041
  92 144 236   5.8431  0.0038                    236,144,-0.1676,0.0002,5.8431,0.0038
  92 146 238   5.8571  0.0033                    238,146,0,0,5.8571,0.0033
  94 144 238   5.8535  0.0378                    238,144,-0.082,0.004,5.8535,0.0378
  94 145 239   5.8601  0.0378                    239,145,0,0,5.8601,0.0378
  94 146 240   5.8701  0.0379                    240,146,0.122,0.003,5.8701,0.0379
  94 147 241   5.8748  0.0379                    241,147,0.179,0.004,5.8748,0.0379
  94 148 242   5.8823  0.0380                    242,148,0.273,0.004,5.8823,0.0380
  94 150 244   5.8948  0.0382                    244,150,0.426,0.008,5.8948,0.0382
  95 146 241   5.8928  0.0042                    241,146,-0.142,0.008,5.8928,0.0042
  95 148 243   5.9048  0.0035                    243,148,0,0,5.9048,0.0035
  96 146 242   5.8285  0.0192                    242,146,-0.168,0.056,5.8285,0.0192
  96 148 244   5.8429  0.0181                    244,148,0,0,5.8429,0.0181
  96 149 245   5.8475  0.0182                    245,149,0.054,0.011,5.8475,0.0182
  96 150 246   5.8562  0.0184                    246,150,0.156,0.022,5.8562,0.0184
  96 152 248   5.8687  0.0193                    248,152,0.303,0.054,5.8687,0.0193
